__asm__	66	0	14	0	21	0	27	0	33	2	290	4	169	25	34	25	50	25	64	25	83	25	254	25	305	25	346	25	357	25	363	25	405	28	137	28	150	28	163	28	176	30	2	30	7	30	15	30	19	31	11	32	27	32	32	32	37	32	63	33	16	33	28	33	61	36	64	41	165	41	184	41	197	41	212	51	115	55	81	55	83	55	87	55	89	55	403	59	37	61	51	61	157	61	176	61	399	62	62	62	65	62	310	62	312	65	122	65	134	65	147	65	162	65	181	65	196	65	263	65	294	65	463	69	39	70	12	82	40	82	55	82	69	
_volatile__	1	0	17	
BLOCK_SIZE	19	0	17	1	17	1	24	1	27	1	50	1	57	2	311	2	361	4	305	6	25	6	30	6	69	6	72	10	134	10	189	10	565	36	66	64	118	82	384	
addr	35	0	17	0	22	0	28	0	44	15	24	32	5	32	13	32	21	32	27	32	32	32	37	33	31	41	198	41	199	41	213	41	243	41	244	41	245	51	28	58	25	58	31	61	162	61	165	61	166	61	179	61	182	64	26	64	29	64	31	82	91	82	92	82	94	82	95	82	96	82	97	
res	22	0	20	0	23	0	26	0	29	11	50	11	55	11	58	11	60	11	61	52	43	52	48	52	49	52	52	52	53	52	54	52	55	52	56	52	57	77	13	77	21	77	22	77	23	
nr	75	0	22	0	28	6	19	6	25	6	30	6	35	8	253	8	258	8	277	8	289	10	545	10	562	10	564	10	569	10	581	51	52	51	81	51	117	55	209	55	211	55	213	55	218	55	223	55	224	55	225	55	229	55	242	61	127	61	143	61	145	62	62	62	65	65	393	65	394	65	395	65	396	65	397	65	403	65	404	65	405	65	406	65	407	65	413	65	414	65	415	65	416	65	417	65	423	65	424	65	425	65	426	65	427	65	447	65	450	65	451	67	237	67	247	67	248	67	249	67	269	67	272	67	297	67	299	67	303	67	318	67	323	82	108	82	120	82	120	82	120	82	156	82	172	82	173	82	368	82	386	
__res	58	0	32	0	45	15	23	15	25	25	90	25	104	25	109	25	125	25	130	25	142	25	147	25	158	25	163	25	182	25	187	25	206	25	211	25	233	25	238	25	258	25	260	25	265	25	272	25	279	25	330	25	333	25	370	25	381	25	386	25	397	28	136	28	140	28	141	28	142	28	149	28	153	28	154	28	155	28	162	28	166	28	167	28	168	28	175	28	179	28	180	28	181	58	23	58	26	58	29	58	32	58	35	58	37	59	36	59	37	59	38	82	65	82	78	82	82	
sb	51	0	49	0	52	0	54	0	54	0	67	0	69	0	72	0	78	0	81	0	85	0	93	0	94	0	109	0	124	0	126	0	128	0	139	0	145	0	149	0	152	8	296	8	301	8	303	8	303	8	316	8	325	8	327	8	327	10	98	10	119	10	120	10	122	15	34	15	36	15	43	15	51	15	76	15	84	15	86	15	91	15	170	15	183	15	183	15	185	15	190	15	192	15	194	15	203	15	224	15	228	15	236	
bh	256	0	50	0	56	0	57	0	58	0	60	0	63	0	64	0	77	0	85	0	88	0	92	0	96	0	98	0	101	0	102	0	110	0	128	0	132	0	140	0	149	0	152	0	158	1	20	1	28	1	30	1	32	1	34	1	41	1	53	1	60	1	63	2	42	2	50	2	53	2	54	2	56	2	65	2	67	2	68	2	69	2	72	2	72	2	76	2	77	2	78	2	81	2	81	2	90	2	92	2	93	2	94	2	97	2	98	2	98	2	137	2	138	2	138	2	139	2	140	2	140	2	141	2	142	2	144	2	144	2	146	2	146	2	147	2	147	2	148	2	149	2	155	2	156	2	157	2	158	2	160	2	161	2	162	2	164	2	165	2	166	2	166	2	188	2	191	2	193	2	195	2	195	2	196	2	197	2	211	2	214	2	215	2	220	2	221	2	227	2	232	2	234	2	237	2	246	2	247	2	248	2	250	2	251	2	253	2	272	2	274	2	276	2	277	2	280	2	281	2	301	2	306	2	307	2	310	2	312	2	314	2	328	2	331	2	333	2	345	2	346	4	186	4	221	4	225	4	226	4	226	6	20	6	26	6	29	6	34	6	35	6	52	6	67	6	70	6	71	8	74	8	98	8	100	8	103	8	104	8	117	8	119	8	122	8	123	8	128	8	130	8	133	8	134	8	297	8	305	8	308	8	317	8	329	8	331	8	334	10	96	10	129	10	132	10	134	10	136	10	138	10	142	10	146	10	169	10	184	10	187	10	189	10	191	10	195	10	199	10	211	10	213	10	233	10	259	10	308	10	315	10	316	10	343	10	360	10	361	10	378	10	379	10	386	10	417	10	432	10	433	10	448	10	449	10	456	10	468	10	483	10	484	10	522	10	523	10	531	10	547	10	552	10	556	10	565	10	572	10	574	10	592	10	607	10	608	10	651	10	668	10	681	10	682	10	711	10	725	10	756	10	757	10	763	10	764	10	770	15	103	15	124	15	130	16	13	16	19	16	20	16	31	16	37	16	38	60	31	60	103	60	105	60	112	60	113	60	133	60	134	62	77	62	137	62	142	62	143	62	147	63	45	63	47	63	53	63	55	63	70	63	71	63	96	63	106	63	106	63	133	63	136	63	138	63	140	63	140	64	73	64	86	64	87	64	91	64	107	64	109	64	110	
get_super	11	0	52	0	81	0	124	0	145	8	301	8	325	10	119	15	84	15	109	15	183	36	197	
panic	69	0	53	0	55	0	70	0	82	0	91	0	97	0	99	0	120	0	123	0	125	0	127	0	129	0	146	0	157	2	145	2	262	2	275	2	332	4	121	4	196	8	78	8	80	8	156	8	215	8	249	8	302	8	306	8	326	8	330	10	238	10	240	11	204	15	249	15	262	15	264	39	5	41	36	50	32	51	49	51	51	55	158	55	174	55	212	55	286	55	391	60	132	60	135	61	453	62	140	62	145	62	187	62	189	62	340	63	104	64	44	68	121	69	29	76	104	76	133	76	158	76	202	76	222	82	93	82	98	82	111	82	113	82	159	82	165	82	326	
block	71	0	54	0	54	0	60	0	67	0	69	0	72	1	16	1	31	1	49	1	62	2	174	2	195	2	251	6	51	6	65	8	77	8	79	8	81	8	82	8	83	8	87	8	89	8	90	8	100	8	103	8	109	8	119	8	122	8	130	8	133	8	298	8	303	8	318	8	327	10	95	10	127	10	129	10	137	10	138	10	168	10	182	10	192	10	193	10	545	10	567	10	568	15	104	15	141	15	144	15	149	15	152	16	17	16	35	61	419	61	435	61	436	61	440	61	441	61	442	61	443	62	297	62	303	62	304	62	308	62	310	62	312	64	75	64	119	82	371	82	384	82	385	
s_firstdatazone	6	0	54	0	67	0	69	0	93	36	129	36	151	
s_nzones	6	0	54	0	94	15	270	36	126	36	148	64	96	
get_hash_table	3	0	56	2	214	36	185	
b_count	13	0	58	0	60	0	98	2	193	2	197	2	218	2	232	2	237	2	246	2	261	2	340	2	364	36	74	
printk	73	0	59	0	69	0	119	0	131	4	306	8	53	8	214	8	270	10	553	10	559	10	649	10	706	13	79	13	101	15	81	15	87	15	186	15	253	15	274	15	280	39	7	50	98	51	57	53	20	53	22	55	30	55	34	58	68	58	70	58	71	58	72	58	74	58	76	58	77	58	80	58	82	58	83	58	111	58	113	58	115	58	116	60	104	60	117	60	119	61	128	61	209	61	229	61	254	61	394	62	139	62	144	62	155	62	213	62	225	62	227	62	239	63	54	63	151	64	83	64	88	64	98	64	103	64	112	64	117	64	123	69	28	69	33	76	131	82	35	82	204	82	206	82	421	82	428	
count	51	0	59	1	23	1	25	1	26	1	38	1	56	1	58	1	59	1	67	3	19	3	53	3	75	3	103	4	201	4	202	6	22	6	45	6	45	6	64	6	73	6	73	12	17	12	25	12	26	12	29	12	45	12	55	12	56	12	59	13	60	13	62	13	73	13	74	13	75	13	88	13	90	25	50	25	83	25	124	25	379	25	387	25	395	25	405	65	241	65	246	65	250	65	254	65	270	65	277	65	282	65	286	
d	2	0	59	10	706	
n	28	0	59	10	706	13	79	13	101	25	254	25	305	25	363	25	363	31	11	33	61	33	61	33	61	33	62	33	62	33	62	41	185	55	34	55	34	59	37	64	98	67	307	67	308	67	310	76	131	82	69	82	421	83	106	83	109	
dev	64	0	60	0	69	0	161	2	69	2	72	2	78	2	81	2	94	2	97	2	125	2	174	2	195	2	250	8	51	8	248	8	253	8	258	8	276	8	288	9	15	9	33	9	40	9	45	10	306	10	321	10	341	10	393	10	445	15	60	15	64	15	66	15	80	15	106	15	117	15	171	15	175	15	181	15	188	15	204	15	208	60	24	60	42	60	42	60	42	60	42	60	123	62	297	62	302	62	304	62	304	62	308	62	309	62	311	62	313	63	72	63	73	63	75	63	121	63	133	63	162	68	119	68	120	68	123	68	124	
b_dirt	30	0	63	0	72	0	92	0	102	0	132	0	158	1	41	2	56	2	72	2	81	2	98	2	234	2	247	2	363	6	71	8	104	8	123	8	134	8	334	10	211	10	386	10	456	10	518	10	531	10	651	10	711	10	770	36	73	63	71	63	106	
b_uptodate	15	0	64	0	101	2	98	2	248	2	276	2	280	2	307	2	314	2	333	2	338	2	345	2	366	36	72	60	113	63	106	
brelse	56	0	65	0	103	1	42	1	70	2	282	2	316	2	347	4	236	4	298	6	38	6	82	8	106	8	125	8	136	8	310	8	336	10	135	10	151	10	190	10	218	10	265	10	322	10	387	10	394	10	434	10	459	10	485	10	519	10	536	10	566	10	577	10	583	10	614	10	621	10	627	10	633	10	639	10	645	10	652	10	688	10	696	10	702	10	712	10	758	10	771	15	93	15	95	15	131	15	154	15	156	16	24	16	42	36	188	62	152	64	92	64	116	
clear_bit	2	0	68	0	130	
s_zmap	6	0	72	0	85	15	140	15	148	15	162	36	135	
i	518	0	79	0	84	0	84	0	84	0	85	0	88	0	93	0	141	0	148	0	148	0	148	0	149	0	152	0	165	2	49	2	54	2	54	2	54	2	64	2	68	2	68	2	68	2	77	2	77	2	77	2	89	2	93	2	93	2	93	2	118	2	124	2	124	2	124	2	125	2	302	2	304	2	304	2	304	2	305	2	306	2	307	2	310	2	311	2	311	2	311	2	312	2	314	2	315	2	355	2	382	2	382	2	382	2	383	3	51	3	53	3	57	3	58	3	60	3	61	3	62	4	77	4	82	4	84	4	157	4	171	4	171	4	171	4	173	4	189	4	197	4	197	4	197	4	198	4	209	4	210	4	211	4	213	4	215	4	216	4	322	4	322	4	322	4	323	4	324	4	324	4	324	4	325	4	341	4	342	4	343	4	350	4	350	4	350	6	54	6	64	6	73	6	73	6	79	6	89	6	89	8	45	8	49	8	49	8	49	8	61	8	65	8	65	8	65	8	75	8	100	8	101	8	102	8	103	8	107	8	119	8	120	8	121	8	122	8	126	8	130	8	131	8	132	8	133	8	137	8	198	8	202	8	202	8	202	8	212	8	212	8	212	8	264	8	266	8	266	8	266	8	267	8	269	8	276	10	95	10	131	10	133	10	139	10	149	10	168	10	186	10	196	10	201	10	203	10	209	10	209	10	209	10	210	10	210	10	216	11	142	11	152	11	152	11	152	11	154	11	157	11	160	12	76	12	79	12	79	12	79	12	80	12	81	12	87	12	87	12	87	12	88	12	89	14	18	14	32	14	32	14	32	14	33	14	33	15	78	15	92	15	92	15	92	15	94	15	94	15	94	15	104	15	137	15	137	15	137	15	138	15	139	15	139	15	139	15	140	15	142	15	142	15	142	15	143	15	147	15	147	15	147	15	148	15	153	15	153	15	153	15	155	15	155	15	155	15	244	15	250	15	250	15	250	15	251	15	270	15	271	15	276	15	277	16	15	16	21	16	21	16	21	16	33	16	39	16	39	16	39	16	49	16	53	16	53	16	53	16	54	16	56	49	154	49	159	49	170	50	21	50	25	50	25	50	25	50	26	50	27	50	85	50	88	50	88	50	88	50	89	50	91	50	93	50	104	50	107	50	107	50	107	50	108	50	108	50	109	50	110	50	114	50	114	50	114	50	115	51	75	51	121	51	121	51	121	51	122	51	138	51	142	51	142	51	142	51	143	51	143	51	144	51	144	51	144	51	145	51	146	54	24	54	27	54	40	55	28	55	31	55	32	55	32	55	33	55	34	55	39	55	41	55	41	55	41	55	42	55	106	55	127	55	129	55	133	55	247	55	250	55	250	55	250	55	253	55	254	55	256	55	260	55	387	55	395	55	395	55	395	55	396	56	30	56	33	56	33	56	33	56	42	56	44	56	44	56	44	57	104	57	106	57	111	57	183	57	189	57	189	57	189	57	190	57	190	57	191	57	193	57	195	57	221	57	225	57	225	57	225	57	226	57	226	58	66	58	75	58	75	58	75	58	81	58	81	58	81	58	183	58	202	58	202	58	202	59	20	59	23	59	23	59	24	59	45	59	62	59	64	59	66	59	67	59	67	59	85	59	87	59	88	59	97	59	182	59	182	59	182	61	214	61	221	61	223	61	225	61	388	61	398	61	398	61	398	62	74	62	97	62	97	62	97	62	98	62	99	62	99	62	100	62	100	62	132	62	132	62	132	62	133	62	134	62	148	62	148	62	148	62	149	62	150	62	171	62	173	62	176	62	176	62	204	62	206	62	206	62	206	62	209	62	210	62	211	62	219	62	222	62	222	62	222	62	226	62	296	62	330	62	330	62	330	63	159	63	161	63	161	63	161	63	162	63	163	64	54	64	61	64	61	64	61	64	76	64	121	65	301	65	303	65	303	65	303	65	304	65	338	65	342	65	365	65	370	65	371	67	113	67	117	67	117	67	117	67	118	67	118	67	119	68	58	68	61	68	61	68	61	68	62	68	62	68	68	68	70	68	70	68	70	68	71	68	78	68	87	68	87	68	87	68	88	68	88	68	89	68	89	68	89	68	90	68	90	68	99	68	102	68	102	68	102	68	103	68	109	68	109	68	109	68	110	68	110	76	100	76	105	76	105	76	105	76	148	76	160	76	160	76	160	82	371	82	385	82	385	82	385	82	386	82	388	82	390	82	402	82	405	82	405	82	405	82	406	82	407	82	411	82	416	82	419	82	419	82	419	82	420	82	422	82	422	82	422	82	423	82	424	83	83	83	113	83	113	83	113	83	113	83	130	83	132	83	138	83	139	83	159	83	159	83	163	83	169	83	170	83	175	83	184	83	184	83	189	
j	34	0	79	0	83	0	86	0	88	0	93	0	94	0	104	0	141	0	147	0	150	0	152	0	152	0	165	12	76	12	78	12	79	12	81	12	82	12	84	12	86	12	87	12	89	12	89	12	90	12	92	12	94	55	28	55	32	55	34	82	416	82	425	82	425	82	425	82	426	
find_first_zero	2	0	86	0	150	
set_bit	4	0	90	0	156	15	272	15	278	
getblk	7	0	96	1	28	2	274	2	306	2	331	2	336	36	186	
clear_block	1	0	100	
inode	298	0	112	0	114	0	118	0	122	0	126	0	126	0	128	0	138	0	143	0	159	0	160	0	161	0	162	0	163	0	164	0	165	0	166	0	166	0	166	0	167	4	185	4	199	4	209	4	210	4	211	4	212	4	214	4	217	4	290	4	301	4	321	6	44	6	61	6	75	6	76	6	77	6	84	6	87	8	23	8	31	8	33	8	39	8	46	8	48	8	49	8	51	8	52	8	54	8	54	8	62	8	64	8	65	8	67	8	67	8	82	8	83	8	84	8	85	8	87	8	91	8	92	8	93	8	94	8	96	8	110	8	111	8	112	8	113	8	115	8	152	8	155	8	157	8	159	8	162	8	163	8	164	8	167	8	168	8	176	8	177	8	180	8	185	8	190	8	196	8	201	8	206	8	207	8	207	8	211	8	218	8	222	8	224	8	225	8	230	8	232	8	234	8	235	8	238	8	240	8	241	8	246	8	251	8	252	8	253	8	253	8	254	8	258	8	258	8	259	8	262	8	263	8	267	8	273	8	278	8	283	8	287	8	288	8	289	8	291	8	304	8	307	8	309	8	321	8	321	8	328	8	332	8	333	8	335	10	42	10	45	10	45	10	47	10	49	10	67	10	202	10	207	10	232	10	242	10	245	10	248	10	258	10	263	10	264	10	267	10	320	10	342	10	370	10	371	10	375	10	376	10	377	10	380	10	385	10	385	10	389	10	392	10	398	10	405	10	408	10	416	10	438	10	439	10	443	10	445	10	446	10	446	10	447	10	451	10	455	10	455	10	467	10	489	10	490	10	494	10	495	10	496	10	496	10	497	10	499	10	503	10	507	10	512	10	512	10	515	10	517	10	520	10	521	10	526	10	530	10	530	10	550	10	551	10	557	10	557	10	557	10	576	10	591	10	612	10	618	10	624	10	624	10	630	10	648	10	649	10	650	10	653	10	654	10	667	10	686	10	692	10	705	10	707	10	707	10	707	10	708	10	710	10	713	10	714	10	715	10	769	11	26	11	29	11	36	11	37	11	38	11	49	11	53	11	55	11	57	11	59	11	77	11	79	11	86	11	92	11	94	11	101	11	107	11	109	11	111	11	115	11	115	11	116	11	123	11	125	11	131	11	132	11	133	11	140	11	180	11	183	12	20	12	48	12	65	12	73	12	98	12	104	13	58	13	65	13	66	13	73	13	74	13	79	13	86	13	92	13	93	13	101	14	21	14	22	14	23	14	24	14	25	14	26	14	27	14	28	14	29	14	30	14	31	14	38	14	40	14	50	14	52	15	169	15	173	15	175	15	187	15	187	15	187	15	188	15	188	16	54	16	56	16	60	16	60	16	61	16	62	16	63	16	63	36	158	
i_dev	24	0	114	0	161	8	51	8	54	8	167	8	253	8	258	8	288	8	321	10	45	10	119	10	129	10	138	10	264	10	321	10	393	10	624	10	624	10	707	10	746	10	746	14	21	15	188	36	105	
memset	3	0	115	0	133	8	223	
i_count	31	0	118	0	159	8	52	8	155	8	159	8	162	8	168	8	176	8	177	8	190	8	205	8	222	8	224	8	235	8	238	8	262	10	123	10	237	10	239	10	248	10	624	12	20	12	48	15	188	15	216	15	265	36	107	51	125	51	127	51	129	82	351	
i_nlinks	23	0	122	0	160	8	180	10	45	10	380	10	451	10	499	10	507	10	517	10	526	10	532	10	648	10	649	10	653	10	655	10	705	10	707	10	708	10	713	10	773	14	24	36	89	36	99	
i_num	23	0	126	0	126	0	128	0	165	8	253	8	258	8	289	8	304	8	309	8	328	8	332	10	116	10	385	10	455	10	512	10	515	10	530	10	557	10	707	10	769	14	22	15	216	36	106	
s_ninodes	5	0	126	0	152	15	276	36	125	36	147	
s_imap	6	0	128	0	149	15	138	15	143	15	161	36	134	
get_empty_inode	4	0	143	8	232	8	250	36	183	
NULL	122	0	144	0	154	2	36	2	160	2	161	2	173	2	176	2	192	2	283	2	310	2	348	2	367	2	368	2	369	2	383	3	86	3	88	3	89	3	92	3	93	4	107	4	323	4	331	6	29	8	201	8	233	8	236	8	286	9	20	9	21	9	22	9	23	9	26	9	27	10	102	10	108	10	110	10	128	10	130	10	136	10	152	10	172	10	175	10	181	10	183	10	185	10	191	10	194	10	219	10	247	10	253	10	261	10	268	10	286	10	312	10	318	11	158	11	172	11	202	12	93	12	100	15	61	15	71	15	107	15	113	15	118	15	119	15	127	15	135	15	138	15	140	15	159	15	192	15	194	15	259	25	388	41	123	41	123	41	123	41	124	49	162	49	163	49	165	49	166	50	27	50	118	50	120	50	122	50	126	51	117	55	63	55	183	55	192	55	201	55	201	55	201	55	201	55	270	55	325	55	396	56	103	60	97	61	123	63	26	63	33	63	33	63	34	63	34	63	35	63	35	63	36	63	36	63	37	63	37	63	38	63	38	63	39	63	39	63	68	63	139	63	141	63	163	
iput	110	0	153	4	237	4	320	4	348	8	272	8	275	8	282	10	121	10	252	10	260	10	266	10	317	10	323	10	357	10	363	10	367	10	372	10	381	10	382	10	388	10	395	10	402	10	425	10	429	10	435	10	440	10	450	10	452	10	457	10	458	10	476	10	480	10	486	10	491	10	498	10	500	10	505	10	508	10	524	10	527	10	534	10	535	10	600	10	604	10	609	10	613	10	619	10	620	10	625	10	626	10	631	10	632	10	637	10	638	10	643	10	644	10	658	10	659	10	674	10	678	10	683	10	687	10	694	10	695	10	700	10	701	10	716	10	717	10	733	10	738	10	742	10	743	10	747	10	748	10	752	10	753	10	759	10	760	10	765	10	766	10	772	10	776	11	39	11	56	11	82	11	85	11	97	11	100	11	112	11	117	11	128	11	134	11	171	11	207	14	43	15	177	15	180	15	191	15	193	15	210	15	213	15	217	15	221	15	225	15	229	15	233	36	181	50	117	50	119	50	121	
i_uid	14	0	162	4	210	4	212	10	47	10	375	10	618	10	692	10	693	11	57	11	111	11	131	14	25	36	85	36	95	
current	206	0	162	0	163	3	29	4	210	4	211	4	212	4	214	4	319	4	321	4	323	4	325	4	327	4	330	4	332	4	335	4	336	4	337	4	338	4	339	4	340	5	20	5	25	5	31	5	32	5	32	5	51	5	57	5	60	5	62	9	35	10	47	10	49	10	114	10	237	10	237	10	239	10	239	10	242	10	245	10	348	10	375	10	520	10	617	10	618	10	692	10	693	11	57	11	59	11	69	11	86	11	101	11	111	11	144	11	146	11	150	11	156	11	158	11	165	11	165	11	166	11	167	11	167	11	170	11	172	11	199	11	200	11	202	12	49	12	88	12	89	12	93	12	99	12	100	13	30	13	60	13	88	14	52	15	267	15	268	41	140	50	39	50	51	50	66	50	108	50	115	50	118	50	120	50	122	50	123	50	123	50	124	50	125	50	127	50	129	50	130	50	150	50	152	50	158	50	171	50	172	50	186	50	188	51	82	51	85	51	114	51	124	51	125	51	126	51	127	51	128	51	129	53	21	55	62	55	79	55	85	55	86	55	90	55	146	55	157	55	160	55	161	55	173	55	176	55	177	55	179	55	315	55	317	55	332	55	333	55	340	55	344	55	350	55	355	55	360	55	365	55	370	55	375	55	380	55	381	56	17	56	22	56	24	56	58	56	59	56	70	56	72	56	75	56	76	56	78	56	89	56	118	57	54	57	56	57	61	57	62	57	63	57	65	57	120	57	123	57	126	57	132	57	134	57	136	57	170	57	171	57	172	57	173	57	186	57	188	57	193	57	203	57	208	57	210	57	211	57	211	57	211	57	212	57	213	57	232	57	234	58	171	67	125	67	135	67	239	67	245	67	250	67	251	67	254	67	275	67	277	67	285	67	286	67	301	68	119	69	34	82	50	82	50	82	302	82	349	82	351	82	356	82	358	82	374	82	375	82	375	82	388	
euid	22	0	162	4	210	4	212	4	339	10	47	10	375	10	617	10	618	10	692	10	693	11	111	41	92	50	39	50	39	55	365	57	123	57	130	57	131	57	132	57	132	57	134	57	134	
i_gid	9	0	163	4	211	4	214	10	49	11	59	11	132	14	26	36	88	36	98	
egid	14	0	163	4	211	4	214	4	340	10	49	41	93	55	375	57	60	57	61	57	62	57	62	57	63	57	65	57	65	
i_dirt	31	0	164	6	77	8	54	8	67	8	85	8	93	8	112	8	163	8	185	8	207	8	218	8	321	8	335	10	204	10	327	10	377	10	447	10	495	10	503	10	521	10	533	10	654	10	657	10	714	10	775	11	38	11	116	11	133	15	238	16	62	36	109	
i_mtime	10	0	166	6	84	10	208	10	446	10	496	10	656	11	37	14	30	16	63	36	97	
i_atime	9	0	166	6	44	10	326	10	405	10	446	10	496	11	36	14	29	36	103	
i_ctime	12	0	166	6	87	8	84	8	94	8	113	10	205	10	656	10	715	10	774	14	31	16	63	36	104	
CURRENT_TIME	19	0	166	6	44	6	84	6	87	8	84	8	94	8	113	10	205	10	208	10	326	10	405	10	446	10	496	10	656	10	715	10	774	11	35	16	63	57	106	
pos	41	1	16	1	17	1	36	1	49	1	50	1	65	3	19	3	51	3	60	3	61	3	103	6	61	6	63	6	69	6	74	6	75	6	76	6	86	65	71	65	94	65	113	65	128	65	208	65	218	65	226	65	233	65	235	65	246	65	247	65	250	65	278	65	281	65	285	65	340	65	366	65	458	65	463	65	465	65	478	65	483	65	486	
BLOCK_SIZE_BITS	4	1	16	1	49	64	97	64	99	
offset	17	1	17	1	24	1	34	1	35	1	50	1	57	1	63	1	64	4	108	4	134	4	135	4	146	13	37	13	38	13	41	13	42	13	45	
chars	43	1	18	1	24	1	25	1	26	1	27	1	36	1	37	1	38	1	39	1	51	1	57	1	58	1	59	1	65	1	66	1	67	1	68	6	19	6	31	6	32	6	33	6	36	6	40	12	15	12	24	12	25	12	26	12	27	12	28	12	29	12	30	12	32	12	34	12	43	12	54	12	55	12	56	12	57	12	58	12	59	12	60	12	62	12	64	
written	10	1	19	1	33	1	33	1	37	1	44	12	43	12	50	12	50	12	60	12	68	
p	231	1	21	1	34	1	40	1	54	1	63	4	51	4	111	4	128	4	133	4	135	4	138	4	139	4	151	4	193	4	262	4	263	4	273	4	276	4	279	4	281	4	311	4	312	4	313	4	333	4	334	4	338	4	345	6	35	6	53	6	70	6	81	15	245	15	256	15	256	15	256	15	257	15	258	15	259	15	261	15	266	15	266	15	270	15	276	16	14	16	20	16	21	16	22	16	32	16	38	16	39	16	40	50	23	50	26	50	37	50	39	50	40	50	48	50	50	50	51	50	51	50	52	50	62	50	65	50	66	50	66	50	69	50	70	50	70	50	73	50	76	50	77	50	77	50	144	50	149	50	149	50	149	50	150	50	150	50	152	50	155	50	158	50	161	50	164	50	169	50	171	50	172	50	173	50	174	51	53	51	74	51	78	51	79	51	81	51	82	51	83	51	84	51	85	51	86	51	86	51	87	51	88	51	89	51	90	51	90	51	91	51	91	51	92	51	93	51	94	51	94	51	95	51	96	51	97	51	98	51	99	51	100	51	101	51	102	51	103	51	104	51	105	51	106	51	107	51	108	51	109	51	110	51	111	51	112	51	113	51	122	51	130	51	131	51	132	55	32	55	107	55	111	55	111	55	111	55	112	55	113	55	113	55	114	55	115	55	117	55	117	55	118	55	119	55	128	55	130	55	132	55	132	55	133	55	136	55	136	55	136	55	137	55	138	55	138	55	139	55	155	55	159	55	160	55	171	55	175	55	176	55	179	55	179	55	180	55	183	55	190	55	190	55	191	55	192	55	274	55	282	55	282	55	282	55	283	55	285	55	287	55	288	55	289	55	290	55	291	55	291	55	291	55	292	55	292	55	293	55	294	55	294	55	295	55	296	55	297	55	297	55	298	55	299	55	299	55	388	55	394	55	397	55	397	55	398	55	399	55	399	55	400	62	76	62	147	62	148	62	149	62	150	65	325	65	328	65	330	65	340	65	343	65	344	65	346	65	366	65	372	65	372	65	373	65	375	82	301	82	347	82	353	82	353	82	353	82	354	82	356	82	358	
breada	5	1	30	1	60	36	191	64	86	64	107	
EIO	8	1	33	1	61	3	36	3	41	3	46	3	79	13	67	13	94	
b_data	38	1	34	1	63	2	315	2	370	4	225	4	226	4	226	6	35	6	70	8	100	8	103	8	119	8	122	8	130	8	133	8	308	8	331	10	132	10	134	10	142	10	187	10	189	10	199	10	511	10	556	10	565	10	574	15	130	15	161	15	162	16	20	16	38	36	69	62	142	62	143	62	147	63	138	64	91	
get_fs_byte	18	1	40	4	61	4	66	4	127	4	146	6	81	10	112	10	112	10	241	10	255	10	288	12	65	56	45	67	304	68	71	68	103	69	31	69	32	
read	15	1	52	1	61	1	61	1	66	1	72	12	15	12	21	12	30	12	38	28	226	83	116	83	130	83	145	83	159	83	184	
put_fs_byte	12	1	69	3	55	4	343	6	37	6	41	12	35	14	33	56	34	57	226	67	268	68	62	68	90	
buf	50	1	69	2	258	2	261	3	19	3	55	3	103	4	232	4	238	4	241	6	37	12	35	43	21	43	32	43	34	54	17	59	109	59	220	59	234	62	62	62	65	67	233	67	266	67	280	67	282	67	286	67	288	67	295	67	326	83	84	83	113	83	113	83	118	83	120	83	122	83	124	83	126	83	128	83	134	83	136	83	137	83	147	83	149	83	151	83	153	83	155	83	157	83	167	83	168	83	171	83	172	
end	2	2	29	2	33	
put_super	3	2	30	2	126	15	195	
invalidate_inodes	2	2	31	2	127	
start_buffer	8	2	33	2	53	2	67	2	76	2	92	2	353	2	379	36	165	
hash_table	2	2	34	2	383	
NR_HASH	2	2	34	2	382	
free_list	12	2	35	2	148	2	149	2	155	2	156	2	157	2	158	2	216	2	226	2	379	2	380	2	381	
buffer_wait	1	2	36	
NR_BUFFERS	6	2	37	2	54	2	68	2	77	2	93	2	374	
cli	23	2	41	8	22	8	30	15	33	15	42	15	50	55	214	55	234	55	278	61	164	61	395	63	44	63	69	65	99	65	315	65	327	66	55	67	124	67	134	68	31	68	41	76	138	76	204	
b_lock	11	2	42	2	365	36	75	60	103	60	105	60	134	63	45	63	47	63	53	63	55	63	96	
sleep_on	12	2	43	2	228	8	24	8	32	12	22	12	52	15	35	15	52	41	147	55	236	63	46	63	129	
sti	25	2	44	8	25	8	34	15	37	15	45	15	53	49	136	55	228	55	237	55	302	61	191	61	401	63	48	63	74	63	85	65	104	65	320	65	332	66	58	67	127	67	137	68	36	68	43	76	171	76	229	
sync_inodes	3	2	52	2	75	36	174	
wait_on_buffer	11	2	55	2	71	2	80	2	96	2	194	2	231	2	236	2	260	2	279	2	313	2	344	
ll_rw_block	8	2	57	2	73	2	82	2	278	2	308	2	334	2	339	36	187	
b_dev	13	2	69	2	72	2	78	2	81	2	94	2	97	2	162	2	174	2	195	2	250	2	362	36	71	63	133	
MAJOR	14	2	120	3	99	3	101	9	41	9	43	9	45	11	164	11	169	15	252	60	131	63	149	64	84	68	118	83	96	
floppy_change	2	2	122	36	169	
NR_SUPER	8	2	124	8	266	8	269	15	27	15	63	15	112	15	256	36	164	
super_block	10	2	125	8	267	8	276	15	62	15	63	15	68	15	111	15	112	15	256	15	256	
s_dev	12	2	125	8	276	15	64	15	66	15	91	15	114	15	117	15	125	15	133	15	157	15	257	36	136	
invalidate_buffers	1	2	128	
b_next	11	2	137	2	138	2	140	2	140	2	142	2	161	2	164	2	166	2	173	2	368	36	78	
b_prev	8	2	138	2	138	2	139	2	140	2	160	2	166	2	369	36	77	
hash	5	2	141	2	142	2	164	2	165	2	173	
b_prev_free	11	2	144	2	146	2	147	2	147	2	156	2	156	2	157	2	158	2	371	2	380	36	79	
b_next_free	11	2	144	2	146	2	146	2	147	2	149	2	155	2	157	2	226	2	372	2	381	36	80	
tmp	84	2	171	2	173	2	173	2	173	2	173	2	174	2	174	2	175	2	211	2	216	2	218	2	221	2	226	2	226	2	328	2	336	2	337	2	338	2	340	4	78	4	80	4	81	4	107	4	120	4	133	13	28	13	45	13	47	14	21	14	22	14	23	14	24	14	25	14	26	14	27	14	28	14	29	14	30	14	31	14	32	14	33	55	153	55	159	55	163	55	164	55	169	55	175	55	184	55	185	56	54	56	55	56	56	56	57	56	59	56	70	56	74	59	43	59	64	59	66	59	88	63	66	63	72	63	78	63	78	63	78	63	83	63	84	65	339	65	343	65	345	82	199	82	211	82	213	82	214	82	276	82	278	82	369	82	374	82	375	82	384	82	388	82	389	82	391	82	392	
b_blocknr	5	2	174	2	195	2	251	36	70	63	136	
find_buffer	2	2	191	2	242	
repeat	29	2	213	2	229	2	233	2	238	2	243	8	175	8	188	50	147	50	189	51	140	51	143	55	177	55	181	59	117	59	120	59	121	59	122	59	123	59	124	60	128	61	141	61	146	61	438	62	306	62	334	63	110	63	130	64	33	64	46	
BADNESS	3	2	220	2	220	2	222	
sync_dev	5	2	235	8	172	15	18	15	196	36	196	
remove_from_queues	1	2	249	
insert_into_queues	1	2	252	
wake_up	16	2	263	8	40	8	158	12	19	12	37	12	47	12	67	15	44	41	149	55	255	60	106	60	121	60	122	61	130	63	56	67	227	
from	14	2	290	56	35	61	157	82	110	82	112	82	115	82	158	82	160	82	172	82	294	82	304	82	305	82	307	82	308	
to	14	2	290	56	36	56	45	61	157	82	55	82	158	82	161	82	295	82	316	82	317	82	318	82	319	82	323	82	324	
b	24	2	305	2	354	2	358	2	360	2	361	2	370	2	375	2	376	38	5	41	174	41	184	55	71	55	397	55	399	67	233	67	266	67	280	67	282	67	286	67	288	67	295	67	318	67	326	83	86	
address	13	2	311	2	315	82	207	82	216	82	256	82	257	82	265	82	268	82	300	82	308	82	324	82	373	82	374	
COPYBLK	1	2	315	
h	21	2	315	2	353	2	361	2	362	2	363	2	364	2	365	2	366	2	367	2	368	2	369	2	370	2	371	2	371	2	372	2	372	2	373	2	378	2	380	2	381	49	28	
va_list	5	2	327	23	4	49	153	54	23	77	14	
rgs	3	2	327	49	153	54	23	
va_start	4	2	330	49	156	54	26	77	16	
first	6	2	335	69	24	69	31	76	99	76	102	76	114	
va_arg	7	2	335	59	133	59	148	59	166	59	172	59	219	77	20	
va_end	4	2	343	23	21	49	158	54	28	
buffer_end	2	2	357	2	360	
b_wait	2	2	367	36	76	
x100000	3	2	375	61	165	61	262	
xA0000	1	2	376	
tty_read	2	3	16	43	69	
tty_write	5	3	17	3	24	39	8	41	38	43	70	
crw_ptr	3	3	19	3	85	3	97	
rw	15	3	19	3	23	3	54	3	75	63	95	63	95	63	98	63	99	63	101	63	103	63	103	63	106	63	106	63	115	63	134	
minor	2	3	19	3	67	
off_t	7	3	19	6	50	21	46	21	47	36	121	44	14	46	32	
READ	10	3	23	3	54	3	75	61	448	62	337	63	99	63	103	63	106	63	115	64	39	
tty	49	3	29	11	165	11	166	11	167	11	170	41	98	43	49	49	28	50	123	50	124	57	212	66	57	67	115	67	118	67	171	67	186	67	192	67	196	67	211	67	223	67	232	67	238	67	240	67	241	67	257	67	264	67	294	67	298	67	322	68	28	68	30	68	62	68	71	68	82	68	83	68	84	68	85	68	86	68	88	68	104	68	105	68	106	68	107	68	108	68	110	68	117	68	119	68	124	68	172	
EPERM	30	3	30	10	403	10	421	10	430	10	472	10	481	10	596	10	605	10	615	10	622	10	628	10	634	10	679	10	697	10	703	10	734	10	744	11	174	15	211	15	222	15	234	50	42	57	58	57	67	57	128	57	137	57	151	57	192	57	194	57	209	
rw_ttyx	2	3	31	3	90	
outb	20	3	57	55	221	55	258	55	408	55	410	58	206	61	204	61	400	61	411	61	461	62	199	62	221	62	223	62	348	65	687	65	694	65	707	66	43	66	57	68	35	
rw_ram	1	3	69	
rw_mem	1	3	71	
rw_kmem	1	3	73	
rw_port	1	3	77	
rw_table	1	3	85	
rw_memory	1	3	87	
rw_tty	1	3	91	
all_addr	1	3	97	
NRDEVS	2	3	99	9	41	
ENODEV	3	3	100	3	102	9	42	
call_addr	2	3	101	3	103	
crw_table	1	3	101	
sys_exit	3	4	31	42	2	42	74	
sys_close	8	4	32	4	326	5	16	5	38	42	7	42	75	50	17	50	116	
argv	5	4	48	4	55	4	60	4	80	49	165	
envp	4	4	48	4	53	4	65	49	166	
sp	13	4	49	4	51	4	52	4	53	4	54	4	55	4	56	4	57	4	58	4	69	58	76	58	82	58	113	
xfffffffc	1	4	51	
envc	5	4	52	4	64	4	189	4	202	4	334	
argc	13	4	54	4	59	4	117	4	120	4	189	4	201	4	274	4	277	4	280	4	334	83	88	83	88	83	90	
put_fs_long	27	4	56	4	57	4	58	4	60	4	63	4	65	4	68	12	108	12	109	50	168	50	176	56	109	56	110	56	112	56	113	56	114	56	115	56	116	56	117	57	109	57	160	57	161	57	162	57	163	68	169	68	176	68	180	
nvp	1	4	56	
rgv	2	4	57	4	120	
rgc	1	4	58	
get_fs_long	6	4	81	4	120	11	32	11	33	57	152	68	172	
pag	4	4	107	4	138	4	139	4	146	
len	27	4	108	4	124	4	126	4	128	4	132	4	133	10	67	10	69	10	69	10	75	10	546	10	550	10	551	10	564	59	96	59	173	59	175	59	176	59	177	59	180	59	182	59	184	64	25	64	30	64	31	76	128	76	132	
old_fs	4	4	109	4	114	4	233	4	288	
new_fs	2	4	109	4	113	
get_ds	1	4	113	
get_fs	2	4	114	4	288	
from_kmem	6	4	115	4	118	4	122	4	136	4	142	4	149	
set_fs	10	4	116	4	119	4	123	4	129	4	137	4	143	4	150	4	289	4	291	4	295	
PAGE_SIZE	19	4	135	4	138	4	139	4	159	4	172	4	193	4	333	12	24	12	33	12	46	12	54	12	63	41	130	51	94	55	55	55	67	55	72	76	105	76	160	
page	25	4	138	4	139	4	173	4	188	4	198	76	53	76	156	76	184	76	189	76	197	76	197	76	225	82	203	82	203	82	205	82	216	82	218	82	263	82	265	82	267	82	268	82	269	82	370	82	381	82	389	
get_free_page	12	4	140	8	234	40	6	51	78	76	102	76	156	82	169	82	211	82	231	82	278	82	318	82	381	
code_limit	6	4	156	4	159	4	160	51	42	51	44	51	50	
data_limit	7	4	156	4	161	4	170	4	176	51	41	51	45	51	50	
code_base	3	4	156	4	162	4	163	
data_base	4	4	156	4	163	4	170	4	172	
text_size	1	4	159	
xFFFFF000	1	4	160	
x4000000	2	4	161	51	52	
get_base	4	4	162	51	31	51	46	51	47	
set_base	4	4	164	4	166	51	54	51	55	
set_limit	2	4	165	4	167	
MAX_ARG_PAGES	6	4	171	4	188	4	193	4	197	4	333	4	350	
put_page	4	4	174	40	7	82	278	82	394	
x	29	4	187	65	72	65	92	65	94	65	226	65	227	65	232	65	234	65	275	65	277	65	281	65	282	65	282	65	285	65	338	65	368	65	370	65	436	65	456	65	457	65	466	65	476	65	477	65	481	65	482	65	484	65	485	65	505	65	507	
e_uid	3	4	190	4	210	4	339	
e_gid	3	4	190	4	211	4	340	
retval	21	4	191	4	206	4	218	4	222	4	244	4	282	4	292	4	302	4	307	4	314	4	352	50	63	50	68	50	72	50	75	50	79	50	80	76	121	76	168	76	169	76	172	
sh_bang	4	4	192	4	226	4	261	4	310	
xffff	7	4	195	51	106	51	107	51	108	51	109	51	110	51	111	
eip	10	4	195	4	344	4	345	41	62	51	96	51	96	56	88	56	104	69	31	69	32	
x000f	1	4	195	
namei	14	4	199	4	290	10	729	11	29	11	53	11	79	11	94	11	109	11	125	14	40	15	173	15	206	15	214	36	178	
ENOENT	26	4	200	4	292	10	351	10	364	10	423	10	426	10	474	10	477	10	598	10	601	10	610	10	672	10	675	10	684	10	689	10	731	11	30	11	80	11	95	11	110	11	126	14	41	15	174	15	184	15	207	15	215	
restart_interp	2	4	204	4	296	
S_ISREG	4	4	205	13	72	13	99	16	51	
EACCES	10	4	206	4	222	10	368	10	399	10	739	10	754	11	54	11	72	11	113	11	129	
exec_error2	7	4	207	4	219	4	223	4	303	4	308	4	315	4	347	
i_mode	23	4	209	4	217	9	37	10	42	10	376	10	443	10	520	10	617	10	691	11	50	11	55	11	55	11	70	11	115	11	115	11	180	13	79	13	79	13	101	13	101	14	23	36	84	36	94	
S_ISUID	1	4	210	
S_ISGID	1	4	211	
suser	15	4	217	10	51	10	420	10	471	10	595	10	691	11	111	11	127	50	39	57	55	57	64	57	125	57	133	57	150	57	208	
ENOEXEC	4	4	218	4	244	4	302	4	307	
bread	23	4	221	6	26	6	67	8	98	8	117	8	128	8	305	8	329	10	129	10	138	10	184	10	195	10	504	10	552	10	572	15	124	15	143	15	148	16	19	16	37	36	189	62	137	64	109	
ex	15	4	225	4	299	4	299	4	300	4	300	4	300	4	301	4	301	4	301	4	335	4	336	4	337	4	341	4	341	4	344	
cp	32	4	232	4	239	4	240	4	241	4	241	4	241	4	241	4	243	4	243	4	247	4	249	4	249	4	249	4	249	4	250	4	251	4	253	4	254	4	255	64	55	64	60	64	62	64	78	64	104	64	118	76	147	76	156	76	157	76	161	76	161	76	162	76	164	
interp	2	4	232	4	247	
i_name	3	4	232	4	247	4	251	
i_arg	4	4	232	4	248	4	255	4	275	
strncpy	1	4	235	
strchr	1	4	239	
t	5	4	241	4	249	25	254	25	305	82	69	
exec_error1	4	4	245	4	283	4	293	4	349	
copy_strings	7	4	262	4	263	4	273	4	276	4	279	4	311	4	312	
ENOMEM	3	4	282	4	314	51	59	
N_MAGIC	9	4	299	17	32	17	32	17	33	17	37	17	37	17	38	17	44	17	101	
ZMAGIC	4	4	299	17	33	17	38	17	44	
a_trsize	2	4	299	17	13	
a_drsize	2	4	299	17	14	
a_text	5	4	300	4	301	4	337	4	341	17	8	
a_data	5	4	300	4	301	4	336	4	341	17	9	
a_bss	3	4	300	4	335	17	10	
x3000000	1	4	300	
i_size	19	4	301	6	61	6	75	6	76	8	234	10	107	10	201	10	203	10	494	10	550	12	35	12	65	13	45	13	73	13	74	14	28	16	61	36	86	36	96	
a_syms	2	4	301	17	11	
N_TXTOFF	2	4	301	4	305	
executable	11	4	319	4	321	41	102	50	122	51	128	51	129	82	349	82	351	82	358	82	358	82	375	
sigaction	10	4	323	22	66	56	58	56	59	56	70	56	72	56	75	56	76	56	78	56	89	
sa_handler	11	4	323	22	49	56	54	56	58	56	87	56	93	56	93	56	94	56	96	56	103	56	104	
NR_OPEN	18	4	324	5	20	5	22	5	24	5	29	5	51	9	35	11	145	11	148	11	197	12	87	13	30	13	60	13	88	14	52	41	104	50	114	51	121	
close_on_exec	9	4	325	4	327	5	31	5	57	5	60	5	62	11	150	11	199	41	103	
free_page_tables	6	4	328	4	329	41	30	50	105	50	106	51	58	
get_limit	7	4	328	4	329	50	105	50	106	51	44	51	45	58	72	
last_task_used_math	13	4	330	4	331	41	139	50	125	50	126	51	114	55	63	55	79	55	82	55	85	58	171	69	40	69	41	
used_math	4	4	332	41	96	55	86	55	90	
change_ldt	1	4	333	
create_tables	1	4	334	
brk	5	4	335	28	192	41	90	57	172	57	173	
end_data	4	4	336	41	90	82	375	82	388	
end_code	4	4	337	41	90	57	170	82	50	
start_stack	3	4	338	41	90	57	171	
xfffff000	15	4	338	49	113	51	30	76	189	82	119	82	168	82	209	82	225	82	256	82	267	82	307	82	313	82	323	82	373	82	424	
xfff	2	4	342	51	29	
a_entry	2	4	344	17	12	
free_page	10	4	351	8	161	40	8	50	28	51	118	76	225	82	122	82	126	82	279	82	396	
fd	38	5	20	5	20	5	32	5	51	5	51	5	57	5	60	5	62	9	35	9	35	11	142	11	145	11	145	11	145	11	146	11	148	11	150	11	156	11	158	11	172	11	185	11	197	11	199	11	200	11	202	12	75	12	89	12	93	12	99	12	100	13	30	13	30	13	60	13	60	13	88	13	88	14	52	14	52	
filp	43	5	20	5	25	5	32	5	32	5	49	5	51	5	51	5	65	5	67	5	68	6	30	6	32	6	60	6	63	6	85	6	86	9	32	9	35	9	35	9	37	9	40	11	146	11	156	11	158	11	172	11	195	11	200	11	200	11	202	11	203	11	205	12	88	12	89	12	93	12	99	12	100	13	30	13	60	13	88	14	52	41	104	50	115	51	122	
EBADF	5	5	21	5	52	9	36	13	32	14	53	
arg	18	5	22	5	24	5	25	5	26	5	29	5	31	5	32	5	33	5	59	5	68	9	15	9	45	68	143	68	151	68	153	68	155	68	176	68	181	
EINVAL	30	5	23	9	39	11	149	11	155	11	198	11	201	13	37	13	41	13	46	13	50	13	61	13	80	13	89	13	102	50	38	68	149	68	159	68	162	68	164	68	166	68	184	68	186	68	188	68	190	68	192	68	194	68	196	68	198	68	200	68	202	
EMFILE	1	5	30	
f_count	18	5	32	11	153	11	156	11	159	11	173	11	182	11	203	11	205	12	80	12	81	12	83	12	95	12	95	12	101	12	101	15	251	36	119	51	123	
dupfd	3	5	39	5	44	5	55	
cmd	16	5	53	9	15	9	45	60	25	60	41	60	41	60	41	60	41	61	448	61	450	62	328	62	337	63	134	64	35	64	39	68	125	
F_DUPFD	1	5	54	
F_GETFD	1	5	56	
F_SETFD	1	5	58	
F_GETFL	1	5	64	
f_flags	7	5	65	5	67	5	68	6	60	6	85	11	181	36	118	
F_SETFL	1	5	66	
O_APPEND	4	5	67	5	68	6	60	6	85	
O_NONBLOCK	2	5	67	5	68	
F_GETLK	1	5	70	
F_SETLK	1	5	70	
F_SETLKW	1	5	70	
left	6	6	19	6	22	6	24	6	33	6	45	6	45	
bmap	5	6	25	10	137	10	567	36	176	82	386	
f_pos	14	6	30	6	32	6	63	6	86	11	184	12	105	12	105	13	38	13	41	13	42	13	47	13	52	13	73	13	74	
MIN	1	6	31	
ERROR	3	6	45	10	509	57	223	
os	1	6	50	
c	109	6	51	6	69	6	70	6	72	6	72	6	73	6	73	6	74	6	79	6	80	10	230	10	241	10	244	10	255	10	255	10	257	10	281	10	288	10	289	25	141	25	157	25	395	43	32	43	34	55	106	55	125	55	132	55	133	55	135	59	43	59	51	59	84	65	448	65	455	65	455	65	467	65	469	65	469	65	469	65	471	65	473	65	475	65	480	65	481	65	482	65	483	65	489	65	490	65	495	65	497	65	499	65	501	65	503	65	515	65	518	65	521	65	521	65	522	65	527	67	147	67	151	67	153	67	157	67	158	67	160	67	162	67	165	67	166	67	168	67	177	67	179	67	180	67	183	67	191	67	195	67	201	67	205	67	210	67	210	67	213	67	216	67	233	67	263	67	263	67	265	67	295	67	304	67	306	67	307	67	308	67	309	67	310	67	316	83	83	83	159	83	159	83	160	83	167	83	167	83	167	83	168	83	170	83	171	83	172	83	173	83	175	83	184	83	184	83	185	
create_block	3	6	65	10	192	36	177	
ile_table	2	7	9	36	163	
NR_FILE	6	7	9	11	152	11	154	12	79	15	250	36	163	
node_table	2	8	15	36	162	
NR_INODE	9	8	15	8	49	8	65	8	202	8	203	8	212	8	252	15	187	36	162	
read_inode	2	8	17	8	290	
write_inode	4	8	18	8	68	8	186	8	219	
i_lock	6	8	23	8	31	8	33	8	39	8	207	36	108	
inode_table	11	8	48	8	64	8	197	8	203	8	204	8	251	8	252	8	259	8	278	15	187	15	187	
wait_on_inode	8	8	50	8	66	8	154	8	173	8	187	8	217	8	220	8	257	
i_pipe	8	8	67	8	157	8	164	8	240	13	33	13	66	13	93	36	110	
create	6	8	82	8	91	8	101	8	110	8	120	8	131	
i_zone	24	8	82	8	83	8	87	8	91	8	92	8	96	8	110	8	111	8	115	9	40	10	127	10	182	10	445	10	497	10	551	14	27	15	175	15	208	16	54	16	56	16	60	16	60	36	90	36	100	
new_block	8	8	83	8	92	8	102	8	111	8	121	8	132	10	497	36	192	
_bmap	2	8	142	8	147	
S_ISBLK	8	8	171	9	38	10	444	11	178	13	70	13	97	15	176	15	209	
truncate	3	8	181	10	407	36	173	
free_inode	2	8	182	36	195	
last_inode	5	8	197	8	203	8	204	8	205	8	206	
PIPE_HEAD	5	8	239	12	54	12	61	12	62	12	63	
PIPE_TAIL	5	8	239	12	24	12	31	12	32	12	33	
empty	6	8	246	8	250	8	271	8	281	8	285	8	287	
i_mount	6	8	263	15	185	15	190	15	232	15	237	36	111	
s_imount	13	8	267	10	120	10	122	15	86	15	119	15	183	15	185	15	190	15	192	15	228	15	236	15	266	36	138	
ROOT_INO	3	8	277	10	116	15	216	
lock_inode	2	8	300	8	320	
s_imap_blocks	6	8	303	8	327	15	142	15	152	36	127	36	149	
s_zmap_blocks	6	8	303	8	327	15	147	15	152	36	128	36	150	
NODES_PER_BLOCK	2	8	304	8	328	
INODES_PER_BLOCK	2	8	309	8	332	
unlock_inode	3	8	311	8	322	8	337	
tty_ioctl	3	9	13	9	24	9	25	
ioctl_ptr	2	9	15	9	19	
octl_table	1	9	19	
mode	17	9	33	9	37	10	42	10	48	10	50	10	51	10	348	10	349	10	376	10	443	10	520	11	52	11	61	11	61	11	70	11	115	11	144	
f_inode	12	9	37	9	40	11	183	12	104	12	104	13	30	13	33	13	45	13	65	13	92	14	52	36	120	
S_ISCHR	5	9	38	10	444	11	163	13	68	13	95	
ioctl_table	2	9	43	9	45	
ENOTTY	1	9	44	
mask	17	10	51	10	51	28	239	44	56	55	209	55	215	55	217	55	218	55	220	55	222	55	226	55	248	55	250	55	251	55	257	57	234	67	119	
same	2	10	65	10	77	
de	49	10	67	10	67	10	69	10	75	10	97	10	132	10	134	10	142	10	145	10	148	10	170	10	187	10	189	10	199	10	202	10	207	10	210	10	212	10	215	10	235	10	263	10	309	10	320	10	344	10	385	10	392	10	418	10	455	10	469	10	511	10	512	10	514	10	515	10	530	10	548	10	556	10	557	10	557	10	563	10	565	10	574	10	576	10	580	10	593	10	650	10	669	10	710	10	723	10	769	
NAME_LEN	10	10	67	10	69	10	101	10	104	10	105	10	174	10	177	10	178	10	209	36	159	
name	9	10	69	10	75	10	75	10	210	10	292	36	159	57	223	57	225	57	226	
entries	3	10	94	10	107	10	133	
namelen	29	10	101	10	104	10	105	10	109	10	112	10	115	10	174	10	177	10	178	10	180	10	210	10	234	10	255	10	255	10	291	10	306	10	313	10	341	10	352	10	415	10	424	10	466	10	475	10	590	10	599	10	666	10	673	10	727	10	741	
dir	58	10	107	10	114	10	116	10	122	10	123	10	127	10	182	10	201	10	203	10	204	10	205	10	208	10	283	10	285	10	293	10	307	10	311	10	314	10	321	10	324	10	325	10	326	10	327	10	329	10	342	10	350	10	354	10	393	10	416	10	422	10	467	10	473	10	515	10	532	10	533	10	591	10	597	10	617	10	624	10	630	10	655	10	656	10	656	10	657	10	667	10	671	10	691	10	693	10	724	10	736	10	737	10	746	82	108	82	115	82	116	82	117	82	119	82	127	
res_dir	4	10	108	10	145	10	172	10	212	
root	10	10	114	10	237	10	237	10	242	11	101	15	268	41	101	50	120	51	126	51	127	
DIR_ENTRIES_PER_BLOCK	3	10	139	10	196	10	569	
match	1	10	144	
thisname	3	10	231	10	250	57	226	
inr	6	10	234	10	263	10	306	10	320	10	341	10	392	
idev	2	10	234	10	264	
pwd	9	10	239	10	239	10	245	11	86	15	267	41	100	50	118	51	124	51	125	
pathname	5	10	243	10	250	10	287	10	290	10	291	
S_ISDIR	10	10	251	10	400	10	636	10	699	10	732	11	81	11	96	13	72	15	220	16	51	
permission	8	10	251	10	366	10	401	10	428	10	479	10	603	10	677	10	751	
find_entry	8	10	259	10	315	10	360	10	432	10	483	10	607	10	681	10	756	
iget	7	10	267	10	324	10	398	10	612	10	686	15	263	36	182	
basename	12	10	282	10	287	10	290	10	291	10	292	10	305	10	340	10	414	10	465	10	589	10	665	10	726	
get_dir	1	10	285	
dir_namei	7	10	311	10	350	10	422	10	473	10	597	10	671	10	736	
flag	20	10	346	10	346	10	347	10	353	10	362	10	396	10	400	10	406	11	181	50	143	50	148	50	173	50	177	50	179	50	183	67	234	67	244	67	250	67	274	77	19	
O_TRUNC	3	10	346	10	353	10	406	
O_ACCMODE	3	10	346	10	353	10	400	
O_WRONLY	1	10	347	
umask	6	10	348	10	520	11	144	41	99	57	232	57	234	
I_REGULAR	1	10	349	
O_CREAT	2	10	353	10	362	
res_inode	3	10	354	10	389	10	408	
EISDIR	1	10	358	
new_inode	4	10	370	10	438	10	489	36	194	
ENOSPC	8	10	373	10	383	10	441	10	453	10	492	10	501	10	528	10	767	
add_entry	4	10	378	10	448	10	522	10	763	
O_EXCL	1	10	396	
EEXIST	4	10	397	10	436	10	487	10	761	
dir_block	4	10	468	10	504	10	511	10	518	
free_block	7	10	506	10	525	16	23	16	26	16	44	16	55	36	193	
strcpy	2	10	513	10	516	
I_DIRECTORY	1	10	520	
strcmp	3	10	558	10	558	83	91	
S_ISVTX	2	10	617	10	691	
ENOTDIR	3	10	640	11	83	11	98	
empty_dir	1	10	642	
ENOTEMPTY	1	10	646	
oldinode	8	10	724	10	729	10	730	10	746	10	769	10	773	10	774	10	775	
EXDEV	1	10	749	
ENOSYS	13	11	21	57	18	57	23	57	28	57	33	57	38	57	43	57	48	57	79	57	84	57	89	57	94	57	99	
actime	5	11	27	11	32	11	32	11	35	11	36	
modtime	5	11	27	11	33	11	33	11	35	11	37	
times	3	11	31	11	32	11	33	
uid	8	11	57	11	69	11	131	41	92	55	360	57	120	57	126	57	136	
gid	7	11	59	11	132	41	93	55	370	57	54	57	56	57	61	
f	32	11	141	11	151	11	152	11	153	11	156	11	159	11	173	11	180	11	181	11	182	11	183	11	184	12	74	12	81	12	83	12	89	12	95	12	95	12	101	12	101	12	104	12	104	12	105	12	105	12	106	12	107	14	49	14	52	14	52	51	76	51	122	51	123	
file_table	4	11	151	12	80	12	81	15	251	
open_namei	2	11	157	36	180	
leader	8	11	165	41	91	50	123	50	127	51	89	57	191	57	208	57	210	
MINOR	6	11	166	61	431	62	302	64	31	68	123	83	97	
tty_table	11	11	167	50	124	67	100	67	100	67	101	67	101	67	102	67	102	67	238	67	298	68	124	
pgrp	18	11	167	11	167	41	91	43	47	50	66	50	77	50	124	50	158	50	158	50	161	57	195	57	203	57	211	57	213	67	115	67	118	67	118	68	172	
check_disk_change	3	11	179	15	108	36	168	
f_mode	6	11	180	12	106	12	107	13	67	13	94	36	117	
sys_open	3	11	190	42	6	42	75	
size	41	12	15	12	18	12	27	12	28	12	31	12	35	12	43	12	46	12	57	12	58	12	61	12	65	51	29	51	32	51	33	59	57	59	59	59	60	59	68	59	70	59	83	59	89	61	83	61	436	76	61	76	127	76	128	76	130	76	155	76	160	76	161	76	162	76	191	76	194	76	194	82	114	82	114	82	116	82	162	82	162	82	163	
PIPE_SIZE	2	12	18	12	46	
node	3	12	35	13	79	13	101	
signal	21	12	49	22	55	28	231	41	85	50	40	50	52	50	93	50	188	51	87	55	114	55	117	67	119	67	125	67	135	67	250	67	251	67	254	67	286	67	301	69	34	69	41	
SIGPIPE	1	12	49	
get_pipe_inode	2	12	98	36	184	
rw_char	3	13	15	13	69	13	96	
read_pipe	1	13	16	
write_pipe	1	13	17	
block_read	2	13	18	13	71	
block_write	2	13	19	13	98	
file_read	2	13	21	13	77	
file_write	2	13	23	13	100	
file	20	13	27	13	30	13	30	13	33	13	38	13	41	13	42	13	45	13	47	13	52	13	57	13	60	13	65	13	67	13	73	13	74	13	85	13	88	13	92	13	94	
IS_SEEKABLE	1	13	31	
ESPIPE	1	13	34	
origin	20	13	35	65	69	65	94	65	112	65	125	65	127	65	128	65	129	65	149	65	150	65	164	65	165	65	183	65	184	65	198	65	199	65	250	65	251	65	255	65	677	
verify_area	14	13	64	14	20	39	4	50	146	56	32	56	107	57	108	57	159	57	224	68	60	68	81	68	168	68	175	68	179	
o	2	13	79	13	101	
r	9	13	79	13	101	55	34	62	296	62	330	62	332	67	306	67	309	82	421	
mp	3	14	17	56	50	56	66	
st_dev	1	14	21	
st_ino	1	14	22	
st_mode	1	14	23	
st_nlink	1	14	24	
st_uid	1	14	25	
st_gid	1	14	26	
st_rdev	1	14	27	
st_size	1	14	28	
st_atime	1	14	29	
st_mtime	1	14	30	
st_ctime	1	14	31	
statbuf	1	14	33	
cp_stat	2	14	42	14	54	
wait_for_keypress	2	15	19	15	254	
bitnr	1	15	24	
uper_block	2	15	27	36	164	
ROOT_DEV	6	15	29	15	80	15	181	36	198	49	110	64	124	
s_lock	6	15	34	15	36	15	43	15	51	15	258	36	141	
s	51	15	58	15	62	15	63	15	64	15	66	15	67	15	68	15	70	15	102	15	109	15	110	15	111	15	111	15	112	15	114	15	117	15	118	15	119	15	120	15	121	15	122	15	125	15	129	15	132	15	133	15	138	15	140	15	142	15	143	15	147	15	148	15	152	15	152	15	157	15	161	15	162	15	164	25	141	25	157	25	271	25	331	25	405	25	407	59	23	59	99	59	172	59	183	64	91	64	93	64	96	64	96	
wait_on_super	1	15	65	
lock_super	2	15	90	15	123	
I_MAP_SLOTS	3	15	92	15	137	15	153	
Z_MAP_SLOTS	3	15	94	15	139	15	155	
free_super	5	15	96	15	126	15	134	15	158	15	163	
s_isup	4	15	118	15	194	15	266	36	137	
s_time	2	15	120	36	139	
s_rd_only	2	15	121	36	142	
s_dirt	2	15	122	36	143	
s_magic	4	15	132	36	132	36	154	64	93	
SUPER_MAGIC	2	15	132	64	93	
ENOTBLK	1	15	178	
EBUSY	5	15	182	15	189	15	218	15	226	15	230	
dev_i	3	15	202	15	206	15	208	
dir_i	8	15	202	15	214	15	216	15	216	15	232	15	236	15	237	15	238	
read_super	2	15	224	15	261	
free	8	15	244	15	269	15	273	15	275	15	279	82	416	82	420	82	421	
mi	6	15	246	15	263	15	265	15	266	15	267	15	268	
s_wait	2	15	259	36	140	
free_ind	2	16	41	16	58	
free_dind	1	16	59	
a_magic	1	17	7	
OMAGIC	3	17	32	17	37	17	101	
NMAGIC	2	17	32	17	37	
_N_HDROFF	1	17	44	
_N_TXTENDADDR	1	17	101	
_N_SEGMENT_ROUND	1	17	102	
n_name	1	17	113	
n_next	1	17	114	
n_strx	1	17	115	
n_un	1	17	116	
n_type	1	17	117	
n_other	1	17	118	
n_desc	1	17	119	
n_value	1	17	120	
r_address	1	17	196	
r_symbolnum	1	17	198	
r_pcrel	1	17	202	
r_length	1	17	205	
r_extern	1	17	212	
r_pad	1	17	215	
_ctype	2	19	13	72	10	
_ctmp	2	19	14	72	9	
errno	8	20	17	28	142	28	155	28	168	28	181	28	187	74	7	77	23	
l_type	1	21	44	
l_whence	1	21	45	
_start	1	21	46	
_len	1	21	47	
pid_t	8	21	48	28	245	28	246	28	250	28	251	46	23	48	20	48	21	
_pid	1	21	48	
creat	2	21	51	28	199	
fcntl	2	21	52	28	209	
open	8	21	53	28	223	49	173	49	181	49	197	83	114	83	143	83	178	
sig_atomic_t	1	22	6	
sigset_t	2	22	7	22	50	
a_mask	1	22	50	
sa_flags	6	22	51	56	56	56	75	56	102	56	105	56	111	
sa_restorer	3	22	52	56	57	56	109	
raise	1	22	56	
kill	2	22	57	28	217	
sigaddset	1	22	58	
sigdelset	1	22	59	
sigemptyset	1	22	60	
sigfillset	1	22	61	
sigismember	1	22	62	
sigpending	1	22	63	
sigprocmask	1	22	64	
sigsuspend	1	22	65	
TYPE	2	23	10	23	26	
AP	4	23	14	23	18	23	25	23	26	
LASTARG	2	23	14	23	18	
__va_rounded_size	4	23	14	23	18	23	25	23	26	
__builtin_saveregs	1	23	17	
ptrdiff_t	2	24	6	46	16	
size_t	5	24	11	25	10	27	11	27	39	46	6	
strerror	1	25	13	
dest	15	25	34	25	35	25	50	25	51	25	64	25	65	25	83	25	85	25	346	25	348	25	353	25	357	25	363	25	365	31	9	
xffffffff	7	25	64	25	83	25	180	25	204	25	231	25	258	25	271	
cs	14	25	103	25	124	25	180	25	182	25	204	25	206	25	231	25	258	25	379	25	395	41	70	51	107	51	107	69	27	
ct	8	25	103	25	124	25	180	25	204	25	231	25	258	25	331	25	379	
___strtok	3	25	275	25	330	25	331	
src	5	25	346	25	353	25	357	25	363	31	11	
ws_row	1	26	37	
ws_col	1	26	38	
ws_xpixel	1	26	39	
ws_ypixel	1	26	40	
c_iflag	6	26	45	26	55	68	82	68	82	68	104	68	104	
c_oflag	6	26	46	26	56	68	83	68	83	68	105	68	105	
c_cflag	7	26	47	26	57	68	30	68	84	68	84	68	106	68	106	
c_lflag	6	26	48	26	58	68	85	68	85	68	107	68	107	
c_line	6	26	49	26	59	68	86	68	86	68	108	68	108	
c_cc	8	26	50	26	60	67	240	67	241	68	88	68	88	68	110	68	110	
NCC	3	26	50	68	87	68	109	
NCCS	1	26	60	
speed_t	3	26	214	26	216	26	217	
fgetispeed	1	26	216	
fgetospeed	1	26	217	
cfsetispeed	1	26	218	
cfsetospeed	1	26	219	
tcdrain	1	26	220	
tcflow	1	26	221	
tcflush	1	26	222	
tcgetattr	1	26	223	
tcsendbreak	1	26	224	
tcsetattr	1	26	226	
time_t	16	27	6	27	31	27	33	28	236	28	237	29	7	29	8	44	15	44	16	44	17	45	7	45	8	45	9	45	10	45	13	46	11	
clock_t	2	27	16	27	30	
tm_sec	4	27	19	49	81	49	87	52	56	
tm_min	3	27	20	49	82	52	55	
tm_hour	3	27	21	49	83	52	54	
tm_mday	3	27	22	49	84	52	53	
tm_mon	5	27	23	49	85	49	94	52	49	52	51	
tm_year	3	27	24	49	86	52	46	
tm_wday	1	27	25	
tm_yday	1	27	26	
tm_isdst	1	27	27	
lock	1	27	30	
ime	3	27	31	28	236	49	78	
difftime	1	27	32	
ktime	1	27	33	
asctime	1	27	35	
ctime	2	27	36	29	7	
gmtime	1	27	37	
localtime	1	27	38	
trftime	1	27	39	
tzset	1	27	40	
type	21	28	134	28	141	28	147	28	154	28	160	28	167	28	173	28	180	33	28	33	48	59	47	59	48	59	48	59	51	59	52	59	56	59	56	59	58	59	69	59	74	59	82	
ame	4	28	134	28	147	28	160	28	173	
olatile	4	28	138	28	151	28	164	28	177	
__NR_	4	28	139	28	152	28	165	28	178	
access	1	28	189	
acct	1	28	190	
alarm	13	28	191	41	94	51	88	55	113	55	113	55	115	55	340	55	344	67	239	67	245	67	275	67	277	67	285	
sbrk	1	28	193	
chdir	1	28	194	
chmod	2	28	195	44	51	
chown	1	28	196	
chroot	1	28	197	
close	8	28	198	49	180	49	195	49	195	49	195	83	141	83	162	83	187	
dup	5	28	200	49	174	49	175	49	198	49	199	
execve	2	28	201	49	183	
execv	1	28	202	
execvp	1	28	203	
execl	1	28	204	
execlp	1	28	205	
execle	1	28	206	
exit	2	28	207	83	73	
_exit	5	28	208	49	182	49	184	49	200	49	208	
fork	4	28	210	49	138	49	179	49	190	
getpid	1	28	211	
getuid	1	28	212	
geteuid	1	28	213	
getgid	1	28	214	
getegid	1	28	215	
ioctl	1	28	216	
link	1	28	218	
lseek	1	28	219	
mknod	1	28	220	
mount	1	28	221	
nice	1	28	222	
pause	2	28	224	49	148	
pipe	1	28	225	
setpgrp	1	28	227	
setpgid	1	28	228	
setuid	1	28	229	
setgid	1	28	230	
stat	3	28	232	44	55	83	92	
fstat	2	28	233	44	52	
stime	5	28	234	41	95	50	172	51	90	55	317	
sync	2	28	235	49	206	
imes	2	28	237	45	13	
ulimit	1	28	238	
mode_t	3	28	239	44	56	46	28	
umount	1	28	240	
uname	2	28	241	47	14	
unlink	1	28	242	
ustat	1	28	243	
utime	6	28	244	29	11	41	95	50	171	51	90	55	315	
aitpid	2	28	245	48	21	
ait	2	28	246	48	20	
write	11	28	247	43	49	49	157	67	171	67	186	67	223	67	322	83	138	83	160	83	173	83	185	
dup2	1	28	248	
getppid	1	28	249	
etpgrp	1	28	250	
etsid	1	28	251	
odtime	1	29	8	
port	10	30	2	30	7	30	15	30	22	61	51	62	184	62	192	62	198	68	26	68	28	
_v	14	30	6	30	8	30	18	30	23	32	3	32	6	32	11	32	14	32	19	32	22	32	49	32	51	32	56	32	58	
_res	3	31	9	31	11	31	13	
al	1	32	63	
define	8	33	16	33	17	33	18	33	20	33	22	33	36	33	39	33	42	
ti	1	33	16	
_asm__	4	33	17	33	18	33	20	33	22	
li	1	33	17	
op	1	33	18	
ret	1	33	20	
set_gate	1	33	22	
x8000	1	33	28	
dpl	2	33	28	33	46	
gate_addr	4	33	29	33	30	33	43	33	49	
x00080000	1	33	31	
_set_gate	3	33	36	33	39	33	42	
et_trap_gate	1	33	36	
et_system_gate	1	33	39	
base	11	33	43	33	44	33	49	41	200	59	37	59	49	59	49	59	59	59	60	59	75	59	77	
xff000000	1	33	43	
x00ff0000	1	33	44	
limit	3	33	45	33	50	41	214	
xf0000	1	33	45	
x00408000	1	33	47	
x0000ffff	1	33	49	
x0ffff	1	33	50	
ticks_to_floppy_on	3	35	9	36	170	55	235	
floppy_on	3	35	10	36	171	61	142	
floppy_off	4	35	11	36	172	61	148	61	151	
floppy_select	1	35	12	
floppy_deselect	4	35	13	61	237	61	255	61	264	
buffer_init	2	36	31	49	133	
buffer_block	1	36	66	
i_time	1	36	87	
i_wait	1	36	102	
i_seek	1	36	112	
i_update	1	36	113	
_pos	1	36	121	
s_log_zone_size	3	36	130	36	152	64	96	
s_max_size	2	36	131	36	153	
nr_buffers	1	36	166	
wait_on	1	36	175	
bread_page	2	36	190	82	387	
mount_root	2	36	200	62	157	
boot_ind	1	37	53	
head	18	37	54	43	18	43	34	43	34	61	83	61	117	61	442	61	442	61	443	62	46	62	85	62	99	62	186	62	198	62	298	62	312	62	313	68	42	
sector	13	37	55	60	27	60	43	60	43	61	116	61	435	61	440	61	447	62	260	62	277	62	303	63	136	64	29	
cyl	6	37	56	62	46	62	84	62	92	62	100	62	298	
sys_ind	1	37	57	
end_head	1	37	58	
end_sector	1	37	59	
end_cyl	1	37	60	
start_sect	7	37	61	62	57	62	98	62	133	62	149	62	149	62	308	
nr_sects	7	37	62	62	58	62	99	62	134	62	150	62	150	62	304	
a	8	38	5	41	174	55	70	55	397	55	399	56	109	65	619	65	685	
desc_table	2	38	6	38	9	
pg_dir	4	38	8	41	130	82	423	82	424	
dt	2	38	9	41	106	
gdt	2	38	9	55	394	
printf	5	39	6	49	177	49	178	49	191	49	205	
malloc	1	39	9	
free_s	1	39	10	
copy_page_tables	2	41	29	51	56	
sched_init	2	41	32	49	132	
schedule	9	41	33	50	29	50	132	50	187	55	147	55	162	55	178	55	335	67	324	
trap_init	2	41	34	49	127	
fn_ptr	2	41	40	42	74	
cwd	1	41	43	
swd	1	41	44	
twd	1	41	45	
fip	1	41	46	
fcs	1	41	47	
foo	1	41	48	
fos	1	41	49	
st_space	1	41	50	
back_link	2	41	54	51	93	
esp0	2	41	55	51	94	
ss0	2	41	56	51	95	
esp1	1	41	57	
ss1	1	41	58	
esp2	1	41	59	
ss2	1	41	60	
cr3	1	41	61	
eflags	3	41	63	51	97	51	97	
eax	2	41	64	51	98	
ecx	3	41	64	51	99	51	99	
edx	3	41	64	51	100	51	100	
ebx	3	41	64	51	101	51	101	
esp	8	41	65	51	102	51	102	56	106	56	108	58	65	58	73	58	178	
ebp	3	41	66	51	103	51	103	
esi	3	41	67	51	104	51	104	
edi	3	41	68	51	105	51	105	
es	3	41	69	51	106	51	106	
ss	4	41	71	41	108	51	108	51	108	
ds	3	41	72	51	109	51	109	
fs	3	41	73	51	110	51	110	
gs	3	41	74	51	111	51	111	
ldt	3	41	75	51	112	51	131	
trace_bitmap	2	41	76	51	113	
state	25	41	82	50	110	50	129	50	164	50	186	51	83	51	132	55	118	55	119	55	132	55	146	55	161	55	164	55	177	55	180	55	185	55	191	65	74	65	453	65	468	65	494	65	496	65	514	65	524	65	526	
counter	16	41	83	51	86	55	132	55	133	55	138	55	138	55	332	55	333	61	196	61	201	61	201	61	201	61	214	61	218	61	218	61	218	
priority	5	41	84	51	86	55	139	55	380	55	381	
igaction	1	41	86	
blocked	6	41	87	55	117	56	17	56	22	56	24	56	118	
exit_code	4	41	89	50	130	50	174	70	12	
start_code	6	41	90	51	53	82	50	82	301	82	302	82	374	
pid	39	41	91	49	170	49	179	49	186	49	187	49	190	49	194	49	203	50	65	50	66	50	69	50	70	50	70	50	73	50	77	50	87	50	91	50	91	50	108	50	152	50	154	50	155	50	155	50	157	50	160	50	161	50	169	50	173	51	84	51	85	51	143	55	350	57	185	57	186	57	186	57	188	57	190	57	190	57	211	
father	6	41	91	50	108	50	109	50	152	51	85	55	355	
session	6	41	91	50	51	50	51	57	193	57	193	57	211	
suid	1	41	92	
sgid	2	41	93	57	63	
cutime	3	41	95	50	171	51	91	
cstime	3	41	95	50	172	51	91	
start_time	2	41	95	51	92	
x9f	2	41	127	41	128	
xc0fa00	1	41	127	
xc0f200	1	41	128	
init_task	5	41	130	55	62	55	65	55	157	55	173	
x10	7	41	130	51	95	55	72	55	209	55	248	65	634	65	652	
x17	7	41	132	41	132	41	132	41	132	41	132	41	132	58	73	
_LDT	2	41	133	51	112	
x80000000	2	41	133	51	113	
task	35	41	138	41	185	50	26	50	27	50	48	50	62	50	89	50	91	50	93	50	108	50	108	50	109	50	110	51	81	51	117	51	143	51	143	51	145	53	21	55	42	55	62	55	65	55	65	55	128	55	157	55	173	55	396	57	190	57	190	57	191	57	193	57	195	67	118	67	118	67	119	
NR_TASKS	15	41	138	50	25	50	48	50	62	50	88	50	107	51	142	51	144	55	41	55	65	55	127	55	128	55	395	57	189	67	117	
jiffies	28	41	141	51	92	55	60	55	113	55	267	55	279	55	288	55	288	55	291	55	291	55	292	55	292	55	296	55	296	55	297	55	297	55	298	55	298	55	320	55	321	55	343	55	344	57	152	57	165	67	244	67	245	67	274	67	275	
startup_time	5	41	142	49	53	49	95	55	61	57	152	
add_timer	4	41	146	55	272	61	412	61	454	
interruptible_sleep_on	4	41	148	61	144	67	126	67	136	
FIRST_TSS_ENTRY	3	41	166	51	130	55	394	
__tmp	2	41	174	41	184	
_TSS	1	41	185	
__base	2	41	237	41	246	
__limit	2	41	252	41	254	
segment	1	41	253	
sys_setup	2	42	1	42	74	
sys_fork	2	42	3	42	74	
sys_read	2	42	4	42	74	
sys_write	2	42	5	42	75	
sys_waitpid	2	42	8	42	75	
sys_creat	2	42	9	42	75	
sys_link	2	42	10	42	75	
sys_unlink	2	42	11	42	76	
sys_execve	2	42	12	42	76	
sys_chdir	2	42	13	42	76	
sys_time	2	42	14	42	76	
sys_mknod	2	42	15	42	76	
sys_chmod	2	42	16	42	76	
sys_chown	2	42	17	42	77	
sys_break	2	42	18	42	77	
sys_stat	2	42	19	42	77	
sys_lseek	2	42	20	42	77	
sys_getpid	2	42	21	42	77	
sys_mount	2	42	22	42	77	
sys_umount	2	42	23	42	78	
sys_setuid	2	42	24	42	78	
sys_getuid	2	42	25	42	78	
sys_stime	2	42	26	42	78	
sys_ptrace	2	42	27	42	78	
sys_alarm	2	42	28	42	78	
sys_fstat	2	42	29	42	79	
sys_pause	3	42	30	42	79	50	16	
sys_utime	2	42	31	42	79	
sys_stty	2	42	32	42	79	
sys_gtty	2	42	33	42	79	
sys_access	2	42	34	42	79	
sys_nice	2	42	35	42	80	
sys_ftime	2	42	36	42	80	
sys_sync	4	42	37	42	80	53	16	53	24	
sys_kill	2	42	38	42	80	
sys_rename	2	42	39	42	80	
sys_mkdir	2	42	40	42	80	
sys_rmdir	2	42	41	42	81	
sys_dup	2	42	42	42	81	
sys_pipe	2	42	43	42	81	
sys_times	2	42	44	42	81	
sys_prof	2	42	45	42	81	
sys_brk	2	42	46	42	81	
sys_setgid	2	42	47	42	81	
sys_getgid	2	42	48	42	82	
sys_signal	2	42	49	42	82	
sys_geteuid	2	42	50	42	82	
sys_getegid	2	42	51	42	82	
sys_acct	2	42	52	42	82	
sys_phys	2	42	53	42	82	
sys_lock	2	42	54	42	83	
sys_ioctl	2	42	55	42	83	
sys_fcntl	2	42	56	42	83	
sys_mpx	2	42	57	42	83	
sys_setpgid	2	42	58	42	83	
sys_ulimit	2	42	59	42	83	
sys_uname	2	42	60	42	84	
sys_umask	2	42	61	42	84	
sys_chroot	2	42	62	42	84	
sys_ustat	2	42	63	42	84	
sys_dup2	2	42	64	42	84	
sys_getppid	2	42	65	42	84	
sys_getpgrp	2	42	66	42	85	
sys_setsid	2	42	67	42	85	
sys_sigaction	2	42	68	42	85	
sys_sgetmask	2	42	69	42	85	
sys_ssetmask	2	42	70	42	85	
sys_setreuid	3	42	71	42	86	57	145	
sys_setregid	3	42	72	42	86	57	74	
ys_call_table	1	42	74	
data	6	43	17	66	57	67	211	67	257	67	264	68	28	
tail	4	43	19	43	32	43	32	68	42	
proc_list	1	43	20	
TTY_BUF_SIZE	1	43	21	
queue	6	43	32	43	32	43	34	43	34	68	42	68	42	
INC	2	43	32	43	34	
ermios	2	43	46	68	71	
stopped	3	43	48	67	192	67	196	
ead_q	1	43	50	
rite_q	1	43	51	
econdary	1	43	52	
ty_table	2	43	55	67	51	
rs_init	2	43	65	67	107	
con_init	2	43	66	67	108	
tty_init	2	43	67	49	130	
rs_write	3	43	72	67	74	67	87	
con_write	2	43	73	67	61	
copy_to_cooked	3	43	75	65	333	67	345	
dev_t	3	44	7	44	13	46	26	
t_dev	1	44	7	
ino_t	3	44	8	46	27	46	41	
t_ino	1	44	8	
umode_t	2	44	9	46	29	
t_mode	1	44	9	
nlink_t	2	44	10	46	30	
t_nlink	1	44	10	
uid_t	2	44	11	46	24	
t_uid	1	44	11	
gid_t	2	44	12	46	25	
t_gid	1	44	12	
t_rdev	1	44	13	
t_size	1	44	14	
t_atime	1	44	15	
t_mtime	1	44	16	
t_ctime	1	44	17	
mkdir	1	44	53	
mkfifo	1	44	54	
ms_utime	1	45	7	
ms_stime	1	45	8	
ms_cutime	1	45	9	
ms_cstime	1	45	10	
daddr_t	2	46	31	46	40	
u_char	1	46	33	
ushort	1	46	34	
quot	4	46	36	46	37	68	26	68	30	
rem	2	46	36	46	37	
div_t	1	46	36	
ldiv_t	1	46	37	
_tfree	1	46	40	
_tinode	1	46	41	
f_fname	1	46	42	
f_fpack	1	46	43	
sysname	1	47	7	
nodename	1	47	8	
release	3	47	9	50	99	50	175	
version	1	47	10	
machine	1	47	11	
_syscall0	2	49	24	78	10	
tatic	3	49	24	49	25	49	26	
nline	3	49	24	49	25	49	26	
syscall0	2	49	25	49	28	
syscall1	1	49	26	
include	1	49	28	
linux	1	49	28	
printbuf	1	49	42	
vsprintf	3	49	44	54	19	54	27	
init	4	49	45	49	139	66	41	66	42	
blk_dev_init	2	49	46	49	128	
chr_dev_init	2	49	47	49	129	
hd_init	2	49	48	49	134	
floppy_init	2	49	49	49	135	
mem_init	2	49	50	49	126	
rd_init	2	49	51	49	124	
kernel_mktime	2	49	52	49	95	
outb_p	37	49	70	55	406	55	407	58	205	61	318	61	397	62	29	62	191	62	193	62	194	62	195	62	196	62	197	62	198	62	347	65	100	65	101	65	102	65	103	65	316	65	317	65	318	65	319	65	684	65	686	65	702	65	704	65	706	66	28	66	29	66	30	66	31	66	32	66	33	68	32	68	33	68	34	
inb_p	10	49	71	61	202	61	219	61	225	62	30	62	165	62	171	62	207	62	330	65	685	
time	16	49	81	49	82	49	83	49	84	49	85	49	86	49	87	49	94	67	234	67	240	67	242	67	244	67	245	67	273	67	274	67	275	
CMOS_READ	8	49	81	49	82	49	83	49	84	49	85	49	86	49	87	62	125	
BCD_TO_BIN	6	49	88	49	89	49	90	49	91	49	92	49	93	
memory_end	7	49	98	49	112	49	113	49	114	49	115	49	116	49	118	
buffer_memory_end	5	49	99	49	117	49	119	49	121	49	122	
main_memory_start	3	49	100	49	122	49	124	
dummy	1	49	102	
drive_info	3	49	102	49	111	49	172	
main	1	49	104	
This	1	49	104	
eally	1	49	104	
S	1	49	104	
oid	1	49	104	
no	1	49	104	
rror	2	49	104	58	178	
ere	1	49	104	
ORIG_ROOT_DEV	1	49	110	
DRIVE_INFO	1	49	111	
EXT_MEM_K	1	49	112	
time_init	1	49	131	
move_to_user_mode	1	49	137	
argv_rc	1	49	162	
envp_rc	1	49	163	
setup	2	49	172	83	165	
wait	2	49	187	49	203	
setsid	1	49	196	
sig	3	50	37	50	37	50	40	
priv	1	50	39	
FIRST_TASK	9	50	50	50	65	50	69	50	73	50	76	50	149	55	111	55	136	82	353	
SIGHUP	1	50	52	
err	9	50	63	50	67	50	68	50	71	50	72	50	74	50	75	50	78	50	79	
send_sig	5	50	67	50	71	50	74	50	78	50	112	
SIGCHLD	3	50	93	50	188	56	97	
TASK_ZOMBIE	3	50	110	50	129	50	170	
kill_session	1	50	128	
code	3	50	130	50	143	50	174	
tell_father	1	50	131	
do_exit	8	50	138	56	13	56	100	58	39	58	84	82	31	82	36	82	253	
LAST_TASK	4	50	149	55	111	55	136	82	353	
TASK_STOPPED	1	50	165	
options	2	50	166	50	184	
WUNTRACED	1	50	166	
WNOHANG	1	50	184	
TASK_INTERRUPTIBLE	4	50	186	55	118	55	146	55	177	
EINTR	2	50	191	67	287	
ECHILD	1	50	193	
write_verify	2	51	20	51	34	
last_pid	6	51	22	51	84	51	133	51	141	51	141	51	143	
start	16	51	26	51	28	51	29	51	30	51	31	51	35	65	242	65	247	65	251	65	255	65	264	65	271	65	278	65	281	65	285	65	295	
old_data_base	3	51	41	51	47	51	48	
new_data_base	2	51	41	51	52	
old_code_base	3	51	42	51	46	51	48	
new_code_base	3	51	42	51	52	51	53	
EAGAIN	3	51	80	51	119	51	147	
TASK_UNINTERRUPTIBLE	2	51	83	55	161	
tss	22	51	93	51	94	51	95	51	96	51	97	51	98	51	99	51	100	51	101	51	102	51	103	51	104	51	105	51	106	51	107	51	108	51	109	51	110	51	111	51	112	51	113	51	130	
copy_mem	1	51	116	
set_tss_desc	2	51	130	55	392	
set_ldt_desc	2	51	131	55	393	
FIRST_LDT_ENTRY	1	51	131	
TASK_RUNNING	3	51	132	55	119	55	132	
month	2	52	26	52	49	
DAY	14	52	28	52	29	52	30	52	31	52	32	52	33	52	34	52	35	52	36	52	37	52	38	52	48	52	52	52	53	
year	5	52	44	52	46	52	48	52	48	52	51	
tm	7	52	46	52	49	52	51	52	53	52	54	52	55	52	56	
YEAR	1	52	48	
HOUR	1	52	54	
MINUTE	1	52	55	
hars	1	55	34	
ree	1	55	34	
ernel	1	55	34	
tack	1	55	34	
show_task	1	55	43	
mem_use	1	55	48	
timer_interrupt	1	55	50	
system_call	1	55	51	
task_union	2	55	53	55	58	
ask	1	55	54	
stack	1	55	55	
nit_task	1	55	58	
INIT_TASK	1	55	58	
user_stack	2	55	67	55	72	
stack_start	1	55	72	
next	38	55	106	55	126	55	133	55	269	55	289	55	291	55	291	55	292	55	294	55	295	55	297	55	298	55	299	55	326	60	32	60	124	63	68	63	78	63	78	63	83	63	83	63	84	63	141	63	163	76	54	76	106	76	113	76	139	76	153	76	165	76	196	76	213	76	215	76	216	76	219	76	219	76	223	76	226	
SIGALRM	1	55	114	
_BLOCKABLE	1	55	117	
switch_to	1	55	141	
wait_motor	1	55	201	
mon_timer	7	55	202	55	223	55	224	55	225	55	229	55	253	55	254	
moff_timer	5	55	203	55	213	55	242	55	256	55	260	
current_DOR	15	55	204	55	215	55	220	55	222	55	226	55	251	55	257	55	330	61	48	61	127	61	143	61	145	61	408	61	409	61	410	
x0C	1	55	204	
selected	6	55	208	55	216	61	122	61	129	61	143	61	407	
xFC	3	55	217	61	409	65	694	
xf0	3	55	222	55	330	62	125	
HZ	6	55	223	55	242	55	343	55	344	57	152	65	709	
fn	17	55	268	55	276	55	280	55	283	55	287	55	287	55	293	55	293	55	294	55	294	55	295	55	295	55	322	55	324	55	324	55	325	55	327	
timer_list	4	55	270	55	282	55	282	55	285	
TIME_REQUESTS	3	55	270	55	282	55	285	
next_timer	11	55	270	55	289	55	290	55	319	55	320	55	321	55	321	55	324	55	325	55	326	55	326	
beepcount	5	55	307	55	310	55	311	65	697	65	709	
sysbeepstop	2	55	308	55	312	
cpl	2	55	314	55	334	
do_floppy_timer	1	55	331	
old	12	55	340	55	342	55	343	55	343	55	345	56	22	56	25	57	232	57	235	65	339	65	344	65	345	
seconds	2	55	344	55	344	
increment	2	55	380	55	381	
popfl	1	55	403	
ltr	1	55	404	
lldt	1	55	405	
set_intr_gate	4	55	409	62	346	66	39	66	40	
x01	4	55	410	61	91	61	92	82	311	
x21	6	55	410	58	205	61	461	62	347	65	684	66	43	
set_system_gate	4	55	411	58	188	58	189	58	190	
newmask	1	56	24	
SIGKILL	3	56	24	56	52	56	68	
signum	14	56	52	56	52	56	52	56	58	56	59	56	68	56	68	56	68	56	70	56	72	56	75	56	76	56	78	56	78	
handler	3	56	54	56	58	56	60	
sa_mask	4	56	55	56	76	56	78	56	118	
SA_ONESHOT	2	56	56	56	102	
SA_NOMASK	4	56	56	56	75	56	105	56	111	
restorer	1	56	57	
get_new	1	56	71	
ction	1	56	71	
oldaction	2	56	73	56	74	
save_old	1	56	74	
old_eip	1	56	88	
sa	7	56	89	56	93	56	102	56	103	56	105	56	111	56	118	
signr	2	56	89	56	97	
longs	3	56	90	56	105	56	106	
tmp_esp	3	56	91	56	108	56	109	
rgid	3	57	53	57	54	57	56	
tloc	1	57	107	
loc	1	57	109	
old_ruid	4	57	120	57	124	57	131	57	136	
ruid	4	57	122	57	123	57	124	57	126	
ptr	1	57	152	
tbuf	5	57	158	57	160	57	161	57	162	57	163	
tms_utime	1	57	160	
tms_stime	1	57	161	
tms_cutime	1	57	162	
tms_cstime	1	57	163	
end_data_seg	3	57	170	57	171	57	172	
pgid	3	57	187	57	188	57	195	
ESRCH	1	57	198	
hisname	1	57	218	
seg	2	58	25	58	31	
page_exception	1	58	41	
divide_error	1	58	43	
debug	1	58	44	
nmi	1	58	45	
int3	1	58	46	
overflow	1	58	47	
bounds	1	58	48	
invalid_op	1	58	49	
device_not_available	1	58	50	
double_fault	1	58	51	
coprocessor_segment_overrun	1	58	52	
invalid_TSS	1	58	53	
segment_not_present	1	58	54	
stack_segment	1	58	55	
general_protection	1	58	56	
page_fault	1	58	57	
coprocessor_error	1	58	58	
reserved	1	58	59	
parallel_interrupt	1	58	60	
irq13	1	58	61	
esp_ptr	1	58	65	
str	29	58	79	59	71	59	73	59	76	59	78	59	79	59	84	59	86	59	88	59	90	59	91	59	98	59	109	59	111	59	165	59	166	59	168	59	181	59	183	59	185	59	189	59	198	59	206	59	214	59	220	59	225	59	227	59	233	59	234	
die	43	58	89	58	94	58	99	58	121	58	126	58	131	58	136	58	141	58	146	58	151	58	156	58	161	58	166	58	173	58	178	83	78	83	94	83	111	83	115	83	117	83	119	83	121	83	123	83	125	83	127	83	129	83	133	83	135	83	140	83	144	83	146	83	148	83	150	83	152	83	154	83	156	83	158	83	161	83	165	83	174	83	179	83	186	83	190	
tr	1	58	107	
error_code	1	58	178	
set_trap_gate	19	58	185	58	186	58	187	58	191	58	192	58	193	58	194	58	195	58	196	58	197	58	198	58	199	58	200	58	201	58	203	58	204	58	207	61	460	65	683	
xfb	2	58	205	62	347	
xdf	1	58	206	
xA1	2	58	206	62	348	
is_digit	3	59	22	59	129	59	144	
sign	6	59	43	59	53	59	56	59	57	59	72	59	73	
digits	4	59	44	59	47	59	66	59	79	
SMALL	2	59	47	59	204	
LEFT	9	59	48	59	69	59	82	59	120	59	136	59	163	59	179	67	135	67	257	
ZEROPAD	5	59	48	59	51	59	69	59	124	59	196	
SIGN	2	59	52	59	212	
num	5	59	52	59	54	59	54	59	63	59	65	
PLUS	2	59	56	59	121	
SPACE	2	59	56	59	122	
SPECIAL	3	59	58	59	74	59	123	
do_div	1	59	66	
precision	18	59	67	59	67	59	68	59	85	59	105	59	141	59	145	59	148	59	150	59	151	59	174	59	175	59	176	59	177	59	190	59	200	59	207	59	215	
ip	3	59	100	59	219	59	220	
flags	17	59	102	59	116	59	120	59	121	59	122	59	123	59	124	59	136	59	163	59	179	59	190	59	196	59	200	59	204	59	207	59	212	59	215	
field_width	17	59	104	59	128	59	130	59	133	59	134	59	135	59	135	59	164	59	167	59	180	59	184	59	190	59	194	59	195	59	200	59	207	59	215	
qualifier	3	59	107	59	155	59	157	
fmt	20	59	109	59	109	59	110	59	111	59	118	59	119	59	131	59	142	59	143	59	146	59	156	59	156	59	156	59	157	59	158	59	161	59	224	59	226	59	227	59	229	
skip_atoi	2	59	130	59	145	
strlen	1	59	173	
number	4	59	189	59	199	59	206	59	214	
a_arg	1	59	199	
errors	8	60	26	61	235	61	236	61	240	62	244	62	246	62	258	63	135	
nr_sectors	6	60	28	62	261	62	276	62	315	63	137	64	30	
buffer	6	60	29	61	162	61	262	62	259	62	278	63	138	
waiting	2	60	30	63	139	
s1	5	60	41	60	41	60	42	60	42	60	43	
s2	5	60	41	60	41	60	42	60	42	60	43	
request_fn	6	60	46	61	459	62	345	63	75	63	150	64	57	
current_request	3	60	47	63	72	63	73	
lk_dev	2	60	50	63	32	
NR_BLK_DEV	3	60	50	63	32	63	149	
equest	2	60	51	63	21	
NR_REQUEST	5	60	51	63	21	63	116	63	118	63	161	
wait_for_request	2	60	52	63	26	
DEVICE_INTR	1	60	97	
DEVICE_REQUEST	4	60	99	61	459	62	345	64	57	
DEVICE_OFF	1	60	111	
CURRENT	33	60	112	60	113	60	123	60	124	60	124	60	129	60	133	60	134	61	162	61	235	61	236	61	240	61	262	61	435	61	448	61	450	62	244	62	246	62	258	62	259	62	260	62	261	62	276	62	277	62	278	62	303	62	315	62	328	62	337	64	29	64	30	64	35	64	39	
uptodate	2	60	113	60	116	
unlock_buffer	3	60	114	63	107	63	126	
MAJOR_NR	4	60	131	61	459	62	345	64	57	
recalibrate	11	61	44	61	243	61	349	61	359	61	364	61	393	61	426	62	39	62	318	62	322	62	323	
reset	18	61	45	61	199	61	208	61	216	61	228	61	241	61	282	61	319	61	336	61	347	61	357	61	369	61	390	61	422	62	40	62	247	62	316	62	317	
seek	5	61	46	61	323	61	421	61	433	61	446	
val	1	61	51	
reply_buffer	2	61	66	61	225	
MAX_REPLIES	2	61	66	61	223	
sect	7	61	83	61	440	61	441	62	46	62	89	62	100	62	311	
track	4	61	83	61	118	61	443	61	444	
stretch	2	61	83	61	444	
gap	1	61	84	
rate	2	61	84	61	317	
spec1	3	61	84	61	311	61	312	
floppy_type	3	61	85	61	114	61	431	
x00	6	61	86	61	86	61	86	61	88	61	93	72	10	
x2A	3	61	87	61	89	61	90	
x02	5	61	87	61	89	61	90	61	253	66	57	
xDF	6	61	87	61	88	61	89	61	90	61	91	61	92	
x1B	2	61	88	61	93	
x23	2	61	91	61	92	
xCF	1	61	93	
floppy_interrupt	1	61	104	
tmp_floppy_area	2	61	105	61	166	
cur_spec1	4	61	112	61	311	61	312	61	391	
cur_rate	3	61	113	61	317	61	392	
floppy	11	61	114	61	311	61	312	61	317	61	431	61	436	61	440	61	441	61	442	61	443	61	444	
current_drive	5	61	115	61	408	61	410	61	432	61	434	
seek_track	5	61	119	61	295	61	328	61	444	61	445	
current_track	4	61	120	61	300	61	365	61	445	
command	6	61	121	61	167	61	176	61	262	61	449	61	451	
wait_on_floppy_select	1	61	123	
inb	5	61	147	62	176	62	209	62	226	66	34	
x80	1	61	147	
FD_WRITE	2	61	167	61	451	
copy_buffer	2	61	168	61	263	
immoutb_p	7	61	171	61	178	61	181	61	184	61	186	61	188	61	190	
FD_READ	3	61	176	61	262	61	449	
DMA_READ	1	61	176	
DMA_WRITE	1	61	176	
status	7	61	197	61	202	61	203	61	214	61	219	61	220	61	222	
STATUS_READY	5	61	202	61	203	61	219	61	220	61	222	
STATUS_DIR	3	61	202	61	219	61	222	
STATUS_BUSY	2	61	219	61	222	
MAX_ERRORS	4	61	236	61	240	62	244	62	246	
end_request	10	61	238	61	256	61	265	61	437	62	245	62	265	62	283	62	305	64	32	64	45	
result	5	61	252	61	295	61	346	61	356	61	376	
ST0	4	61	252	61	295	61	346	61	356	
xf8	1	61	252	
ST1	4	61	252	61	253	61	295	61	300	
xbf	2	61	252	62	348	
ST2	1	61	252	
x73	1	61	252	
bad_flp_intr	2	61	258	61	296	
do_fd_request	9	61	259	61	266	61	283	61	297	61	320	61	337	61	350	61	370	61	380	
setup_DMA	1	61	271	
do_floppy	4	61	272	61	327	61	366	61	396	
rw_interrupt	1	61	272	
output_byte	26	61	273	61	274	61	275	61	276	61	277	61	278	61	279	61	280	61	281	61	294	61	313	61	314	61	315	61	329	61	330	61	331	61	333	61	334	61	345	61	355	61	367	61	368	61	375	61	377	61	378	61	379	
xF8	1	61	295	
x20	1	61	295	
setup_rw_floppy	2	61	301	61	324	
seek_interrupt	1	61	327	
xE0	2	61	346	61	356	
x60	2	61	346	61	356	
recal_interrupt	1	61	366	
reset_interrupt	1	61	396	
transfer	1	61	414	
reset_floppy	1	61	423	
recalibrate_floppy	1	61	427	
INIT_REQUEST	3	61	430	62	301	64	28	
CURRENT_DEV	2	61	432	61	434	
WRITE	6	61	450	62	328	63	101	63	103	63	106	64	35	
floppy_on_interrupt	1	61	454	
blk_dev	4	61	459	62	345	63	150	64	57	
x40	2	61	461	62	165	
recal_intr	1	62	37	
wpcom	2	62	46	62	86	
lzone	2	62	46	62	88	
ctl	2	62	46	62	87	
d_info	2	62	49	62	52	
HD_TYPE	1	62	49	
NR_HD	11	62	53	62	93	62	95	62	97	62	127	62	129	62	131	62	132	62	136	62	154	62	304	
hd	9	62	59	62	98	62	99	62	133	62	134	62	149	62	150	62	304	62	308	
MAX_HD	1	62	59	
hd_interrupt	1	62	67	
rd_load	2	62	68	62	156	
callable	3	62	73	62	79	62	81	
drive	16	62	74	62	83	62	83	62	83	62	84	62	85	62	86	62	87	62	88	62	89	62	136	62	136	62	136	62	149	62	150	62	186	
cmos_disks	3	62	75	62	125	62	126	
hd_info	12	62	84	62	85	62	86	62	87	62	88	62	89	62	92	62	99	62	100	62	100	62	311	62	313	
BIOS	7	62	84	62	85	62	86	62	87	62	88	62	89	62	90	
x0f	3	62	126	65	306	65	307	
x55	1	62	142	
xAA	1	62	143	
x1BE	1	62	147	
retries	3	62	163	62	165	62	166	
xc0	1	62	165	
BUSY_STAT	3	62	173	62	207	62	210	
READY_STAT	6	62	173	62	174	62	207	62	207	62	210	62	211	
WRERR_STAT	1	62	173	
SEEK_STAT	4	62	173	62	174	62	210	62	211	
ERR_STAT	1	62	173	
hd_out	5	62	182	62	234	62	325	62	329	62	338	
sm	2	62	184	82	65	
controller_ready	1	62	188	
do_hd	3	62	190	62	262	62	279	
intr_addr	1	62	190	
HD_DATA	1	62	192	
nop	1	62	222	
drive_busy	1	62	224	
reset_controller	1	62	232	
win_result	3	62	252	62	271	62	289	
bad_rw_intr	4	62	253	62	272	62	290	62	333	
do_hd_request	5	62	254	62	266	62	273	62	284	62	291	
port_read	1	62	257	
read_intr	1	62	262	
write_intr	1	62	279	
port_write	2	62	280	62	336	
sec	3	62	298	62	310	62	314	
nsect	2	62	299	62	315	
reset_hd	1	62	319	
DRQ_STAT	1	62	330	
req	21	63	68	63	70	63	71	63	73	63	83	63	84	63	90	63	116	63	118	63	120	63	121	63	124	63	133	63	134	63	135	63	136	63	137	63	138	63	139	63	140	63	141	
IN_ORDER	3	63	79	63	80	63	81	
rw_ahead	3	63	91	63	95	63	125	
READA	2	63	95	63	98	
WRITEA	1	63	95	
lock_buffer	1	63	105	
request	6	63	116	63	118	63	120	63	124	63	162	63	163	
add_request	1	63	142	
major	3	63	147	63	149	63	150	
make_request	1	63	154	
rd_start	6	64	20	64	29	64	31	64	58	64	60	64	104	
rd_length	6	64	21	64	31	64	59	64	80	64	97	64	99	
memcpy	3	64	38	64	42	64	115	
mem_start	1	64	58	
length	3	64	59	64	61	64	63	
nblocks	7	64	77	64	96	64	97	64	99	64	105	64	106	64	120	
d_start	1	64	83	
x0101	1	64	124	
keyboard_interrupt	1	65	56	
video_type	9	65	58	65	109	65	109	65	172	65	172	65	636	65	642	65	654	65	660	
video_num_columns	27	65	59	65	90	65	123	65	135	65	148	65	163	65	182	65	197	65	254	65	275	65	277	65	282	65	282	65	286	65	342	65	368	65	371	65	393	65	394	65	413	65	414	65	456	65	457	65	484	65	485	65	623	65	624	
video_size_row	21	65	60	65	94	65	112	65	113	65	114	65	136	65	149	65	150	65	164	65	165	65	183	65	184	65	198	65	199	65	208	65	218	65	458	65	486	65	624	65	668	65	678	
video_num_lines	16	65	61	65	90	65	111	65	123	65	254	65	357	65	385	65	403	65	404	65	423	65	424	65	588	65	590	65	625	65	678	65	680	
video_page	2	65	62	65	626	
video_mem_start	10	65	63	65	124	65	127	65	128	65	129	65	631	65	649	65	668	65	677	65	678	
video_mem_end	6	65	64	65	115	65	637	65	643	65	655	65	661	
video_port_reg	3	65	65	65	632	65	650	
video_port_val	7	65	66	65	101	65	103	65	317	65	319	65	633	65	651	
video_erase_char	7	65	67	65	235	65	264	65	295	65	339	65	375	65	627	
scr_end	7	65	70	65	114	65	115	65	127	65	136	65	246	65	678	
y	10	65	72	65	93	65	94	65	206	65	207	65	216	65	217	65	356	65	384	65	437	
top	19	65	73	65	111	65	148	65	149	65	150	65	163	65	164	65	165	65	182	65	197	65	216	65	354	65	356	65	359	65	382	65	384	65	387	65	591	65	679	
bottom	19	65	73	65	111	65	148	65	163	65	182	65	183	65	184	65	197	65	198	65	199	65	206	65	355	65	357	65	360	65	383	65	385	65	388	65	592	65	680	
npar	11	65	75	65	303	65	511	65	511	65	511	65	512	65	513	65	518	65	519	65	522	65	522	
par	36	65	75	65	244	65	273	65	304	65	512	65	522	65	522	65	529	65	529	65	533	65	533	65	537	65	537	65	541	65	541	65	545	65	545	65	549	65	549	65	553	65	553	65	557	65	557	65	561	65	561	65	562	65	562	65	587	65	587	65	588	65	588	65	589	65	589	65	590	65	591	65	592	
NPAR	3	65	75	65	511	65	518	
ques	2	65	76	65	515	
attr	6	65	77	65	305	65	306	65	307	65	308	65	309	
x07	3	65	77	65	305	65	309	
sysbeep	2	65	79	65	491	
new_x	2	65	90	65	92	
new_y	2	65	90	65	93	
VIDEO_TYPE_EGAC	3	65	109	65	172	65	654	
VIDEO_TYPE_EGAM	3	65	109	65	172	65	636	
set_origin	1	65	139	
scrup	2	65	211	65	386	
scrdown	2	65	221	65	358	
x70	1	65	308	
RESPONSE	1	65	325	
PUTCH	13	65	329	67	169	67	170	67	184	67	185	67	214	67	215	67	218	67	219	67	222	67	225	67	312	67	320	
oldtop	6	65	352	65	354	65	359	65	380	65	382	65	387	
oldbottom	6	65	352	65	355	65	360	65	380	65	383	65	388	
insert_char	1	65	398	
insert_line	1	65	408	
delete_char	1	65	418	
delete_line	1	65	428	
saved_x	2	65	431	65	436	
saved_y	2	65	432	65	437	
gotoxy	12	65	442	65	498	65	530	65	534	65	538	65	542	65	546	65	550	65	554	65	558	65	563	65	682	
CHARS	1	65	450	
GETCH	3	65	452	67	150	67	262	
lf	4	65	459	65	470	65	487	65	502	
cr	1	65	472	
ERASE_CHAR	2	65	473	67	177	
del	1	65	474	
ri	1	65	500	
respond	1	65	504	
save_cur	2	65	506	65	596	
restore_cur	2	65	508	65	599	
csi_J	1	65	566	
csi_K	1	65	569	
csi_L	1	65	572	
csi_M	1	65	575	
csi_P	1	65	578	
csi_at	1	65	581	
csi_m	1	65	584	
set_cursor	1	65	604	
display_desc	7	65	620	65	638	65	644	65	656	65	662	65	669	65	671	
display_ptr	4	65	621	65	668	65	671	65	672	
ORIG_VIDEO_COLS	1	65	623	
ORIG_VIDEO_LINES	1	65	625	
ORIG_VIDEO_PAGE	1	65	626	
x0720	1	65	627	
ORIG_VIDEO_MODE	1	65	629	
xb0000	1	65	631	
x3b4	1	65	632	
x3b5	1	65	633	
ORIG_VIDEO_EGA_BX	2	65	634	65	652	
xff	2	65	634	65	652	
xb8000	2	65	637	65	649	
VIDEO_TYPE_MDA	1	65	642	
xb2000	1	65	643	
x3d4	1	65	650	
x3d5	1	65	651	
xbc000	1	65	655	
VIDEO_TYPE_CGA	1	65	660	
xba000	1	65	661	
xfd	1	65	684	
x61	2	65	694	65	702	
rs1_interrupt	1	66	23	
rs2_interrupt	1	66	24	
xE7	1	66	43	
EMPTY	7	66	56	67	125	67	149	67	164	67	178	67	256	67	272	
write_q	4	66	57	67	100	67	101	67	102	
ICRNL	1	67	53	
OPOST	1	67	54	
ONLCR	1	67	54	
ISIG	1	67	56	
ICANON	1	67	56	
ECHO	1	67	56	
ECHOCTL	1	67	56	
ECHOKE	1	67	56	
INIT_C_CC	3	67	58	67	71	67	84	
B2400	2	67	68	67	81	
CS8	2	67	68	67	81	
x3f8	2	67	75	67	76	
x2f8	2	67	88	67	89	
table_list	1	67	99	
read_q	4	67	100	67	101	67	102	68	28	
FULL	3	67	132	67	149	67	303	
sleep_if_empty	2	67	142	67	258	
I_CRNL	1	67	152	
I_NOCR	1	67	154	
I_NLCR	1	67	157	
I_UCLC	1	67	159	
tolower	1	67	160	
L_CANON	5	67	161	67	256	67	265	67	273	67	279	
KILL_CHAR	1	67	162	
LAST	2	67	165	67	179	
EOF_CHAR	5	67	166	67	180	67	210	67	263	67	265	
L_ECHO	3	67	167	67	182	67	212	
DEC	2	67	173	67	188	
STOP_CHAR	1	67	191	
START_CHAR	1	67	195	
L_ISIG	1	67	200	
INTR_CHAR	1	67	201	
tty_intr	2	67	202	67	206	
QUIT_CHAR	1	67	205	
secondary	3	67	211	67	257	67	264	
L_ECHOCTL	1	67	217	
minimum	7	67	234	67	241	67	242	67	243	67	247	67	248	67	282	
oldalarm	8	67	235	67	239	67	244	67	244	67	274	67	274	67	277	67	285	
channel	4	67	237	67	238	67	297	67	298	
L	1	67	240	
termios	20	67	240	67	241	68	30	68	61	68	62	68	62	68	70	68	71	68	82	68	83	68	84	68	85	68	86	68	88	68	104	68	105	68	106	68	107	68	108	68	110	
VTIME	1	67	240	
VMIN	1	67	241	
ALRMMASK	2	67	250	67	251	
cr_flag	4	67	293	67	310	67	311	67	319	
sleep_if_full	1	67	300	
O_POST	1	67	305	
O_CRNL	1	67	306	
O_NLRET	1	67	308	
O_NLCR	1	67	310	
O_LCUC	1	67	315	
toupper	1	67	316	
quotient	2	68	18	68	30	
CBAUD	1	68	30	
change_speed	2	68	72	68	111	
mp_termio	2	68	79	68	100	
tmp_termio	14	68	82	68	83	68	84	68	85	68	86	68	88	68	90	68	103	68	104	68	105	68	106	68	107	68	108	68	110	
termio	3	68	89	68	90	68	102	
ermio	1	68	103	
TCGETS	1	68	126	
get_termios	1	68	127	
rg	10	68	127	68	133	68	135	68	141	68	168	68	169	68	172	68	175	68	179	77	14	
TCSETSF	1	68	128	
flush	6	68	129	68	137	68	152	68	154	68	156	68	157	
TCSETSW	1	68	130	
wait_until_sent	3	68	131	68	139	68	144	
TCSETS	1	68	132	
set_termios	1	68	133	
TCGETA	1	68	134	
get_termio	1	68	135	
TCSETAF	1	68	136	
TCSETAW	1	68	138	
TCSETA	1	68	140	
set_termio	1	68	141	
TCSBRK	1	68	142	
send_break	1	68	145	
TCXONC	1	68	148	
TCFLSH	1	68	150	
TIOCEXCL	1	68	161	
TIOCNXCL	1	68	163	
TIOCSCTTY	1	68	165	
TIOCGPGRP	1	68	167	
TIOCSPGRP	1	68	171	
TIOCOUTQ	1	68	174	
TIOCINQ	1	68	178	
TIOCSTI	1	68	183	
TIOCGWINSZ	1	68	185	
TIOCSWINSZ	1	68	187	
TIOCMGET	1	68	189	
TIOCMBIS	1	68	191	
TIOCMBIC	1	68	193	
TIOCMSET	1	68	195	
TIOCGSOFTCAR	1	68	197	
TIOCSSOFTCAR	1	68	199	
second	2	69	24	69	32	
x000F	1	69	27	
SIGFPE	2	69	34	69	41	
_syscall1	2	71	10	73	10	
_C	33	72	11	72	11	72	11	72	11	72	11	72	11	72	11	72	11	72	12	72	12	72	12	72	12	72	12	72	12	72	12	72	12	72	13	72	13	72	13	72	13	72	13	72	13	72	13	72	13	72	14	72	14	72	14	72	14	72	14	72	14	72	14	72	14	72	26	
_S	6	72	12	72	12	72	12	72	12	72	12	72	15	
_SP	1	72	15	
_P	32	72	15	72	15	72	15	72	15	72	15	72	15	72	15	72	16	72	16	72	16	72	16	72	16	72	16	72	16	72	16	72	18	72	18	72	18	72	18	72	18	72	18	72	19	72	22	72	22	72	22	72	22	72	22	72	23	72	26	72	26	72	26	72	26	
_D	10	72	17	72	17	72	17	72	17	72	17	72	17	72	17	72	17	72	18	72	18	
_U	26	72	19	72	19	72	19	72	19	72	19	72	19	72	19	72	20	72	20	72	20	72	20	72	20	72	20	72	20	72	20	72	21	72	21	72	21	72	21	72	21	72	21	72	21	72	21	72	22	72	22	72	22	
_X	12	72	19	72	19	72	19	72	19	72	19	72	19	72	23	72	23	72	23	72	23	72	23	72	23	
_L	26	72	23	72	23	72	23	72	23	72	23	72	23	72	23	72	24	72	24	72	24	72	24	72	24	72	24	72	24	72	24	72	25	72	25	72	25	72	25	72	25	72	25	72	25	72	25	72	26	72	26	72	26	
_syscall3	3	75	10	80	13	81	10	
freeptr	7	76	55	76	140	76	156	76	168	76	169	76	205	76	206	
refcnt	5	76	56	76	154	76	170	76	207	76	208	
bucket_size	2	76	57	76	155	
chain	9	76	62	76	139	76	165	76	166	76	196	76	214	76	215	76	221	76	223	
ucket_dir	1	76	77	
free_bucket_desc	8	76	92	76	113	76	114	76	150	76	152	76	153	76	226	76	227	
bdesc	45	76	99	76	102	76	103	76	106	76	106	76	107	76	113	76	120	76	139	76	139	76	139	76	139	76	140	76	146	76	152	76	153	76	154	76	155	76	156	76	156	76	165	76	166	76	168	76	169	76	170	76	186	76	187	76	196	76	196	76	196	76	196	76	197	76	199	76	205	76	206	76	207	76	208	76	213	76	214	76	216	76	219	76	221	76	223	76	226	76	227	
bdir	23	76	119	76	127	76	127	76	127	76	128	76	130	76	139	76	155	76	160	76	161	76	162	76	165	76	166	76	185	76	191	76	191	76	191	76	194	76	196	76	214	76	215	76	221	76	223	
bucket_dir	2	76	127	76	191	
init_bucket_desc	1	76	151	
prev	14	76	186	76	187	76	192	76	199	76	213	76	213	76	214	76	215	76	215	76	215	76	215	76	216	76	218	76	219	
obj	3	76	189	76	205	76	206	
found	2	76	198	76	203	
desc	1	76	225	
__NR_open	1	77	19	
filename	1	77	19	
id_t	1	80	13	
waitpid	1	80	15	
HIGH_MEMORY	5	82	52	82	92	82	203	82	314	82	404	
mem_map	12	82	57	82	80	82	96	82	97	82	183	82	205	82	226	82	234	82	333	82	406	82	411	82	420	
PAGING_PAGES	6	82	57	82	79	82	80	82	405	82	419	82	421	
LOW_MEM	11	82	79	82	91	82	94	82	179	82	181	82	203	82	205	82	226	82	233	82	314	82	331	
pg_table	5	82	107	82	119	82	121	82	123	82	124	
x3fffff	5	82	110	82	114	82	158	82	158	82	162	
xffc	13	82	115	82	160	82	161	82	207	82	256	82	257	82	265	82	268	82	300	82	301	82	302	82	308	82	324	
invalidate	5	82	129	82	187	82	228	82	236	82	330	
from_page_table	5	82	152	82	168	82	173	82	174	82	180	
to_page_table	5	82	153	82	169	82	171	82	173	82	178	
this_page	10	82	154	82	174	82	175	82	177	82	178	82	179	82	180	82	181	82	182	82	183	
from_dir	5	82	155	82	160	82	163	82	166	82	168	
to_dir	5	82	155	82	161	82	163	82	164	82	171	
xA0	1	82	172	
page_table	8	82	199	82	207	82	208	82	209	82	209	82	213	82	214	82	216	
x3ff	1	82	216	
old_page	4	82	223	82	225	82	226	82	233	
new_page	3	82	223	82	231	82	235	
table_entry	3	82	225	82	227	82	235	
MAP_NR	3	82	226	82	234	82	407	
oom	5	82	232	82	280	82	321	82	382	82	397	
copy_page	1	82	237	
CODE_SPACE	1	82	252	
un_wp_page	2	82	256	82	270	
age	1	82	270	
from_page	8	82	296	82	300	82	301	82	304	82	308	82	309	82	328	82	329	
to_page	8	82	297	82	300	82	302	82	316	82	319	82	324	82	325	82	329	
phys_addr	9	82	298	82	309	82	311	82	313	82	314	82	314	82	331	82	332	82	333	
x41	1	82	311	
try_to_share	1	82	360	
get_empty_page	1	82	376	
share_page	1	82	379	
end_mem	4	82	404	82	408	82	409	82	410	
USED	1	82	406	
start_mem	1	82	408	
k	3	82	416	82	425	82	427	
pg_tbl	3	82	417	82	424	82	426	
fprintf	6	83	72	83	106	83	109	83	131	83	166	83	188	
id	4	83	83	83	114	83	143	83	178	
major_root	10	83	85	83	96	83	99	83	103	83	106	83	107	83	107	83	108	83	110	83	137	
minor_root	6	83	85	83	97	83	100	83	104	83	106	83	136	
usage	1	83	89	
perror	1	83	93	
DEFAULT_MAJOR_ROOT	1	83	103	
DEFAULT_MINOR_ROOT	1	83	104	
MINIX_HEADER	4	83	116	83	120	83	145	83	149	
x04100301	2	83	118	83	147	
xAA55	1	83	134	
SETUP_SECTS	3	83	163	83	169	83	170	
sectors	1	83	165	
rewrite	1	83	165	
uild	1	83	165	
boot	1	83	165	
SYS_SIZE	1	83	189	
