super_block	20	0	49	0	78	0	109	0	139	8	296	8	316	10	98	15	27	15	56	15	58	15	76	15	100	15	102	15	170	15	203	15	245	36	124	36	164	36	197	64	74	
buffer_head	62	0	50	0	77	0	110	0	140	1	20	1	53	2	33	2	33	2	34	2	35	2	50	2	65	2	90	2	169	2	171	2	186	2	188	2	209	2	211	2	270	2	272	2	301	2	325	2	328	2	353	4	186	6	20	6	52	8	74	8	297	8	317	10	91	10	96	10	165	10	169	10	233	10	308	10	343	10	417	10	468	10	547	10	592	10	668	10	725	15	103	16	13	16	31	36	68	36	77	36	78	36	79	36	80	36	134	36	135	36	165	36	185	36	186	36	189	36	191	60	31	62	77	64	73	
m_inode	53	0	136	0	138	4	185	8	15	8	46	8	62	8	194	8	196	8	197	8	228	8	230	8	244	8	246	10	228	10	232	10	278	10	283	10	303	10	307	10	342	10	416	10	467	10	591	10	667	10	724	11	26	11	49	11	77	11	92	11	107	11	123	11	140	12	73	13	58	13	86	14	38	14	50	15	169	15	202	15	246	36	93	36	120	36	137	36	138	36	162	36	178	36	182	36	183	36	184	36	194	41	100	41	101	41	102	
task_struct	28	2	36	36	76	36	102	36	140	41	80	41	138	41	139	41	140	43	20	50	48	50	62	50	144	51	74	51	78	55	28	55	54	55	62	55	63	55	65	55	107	55	153	55	169	55	201	60	30	60	52	61	123	63	26	82	347	
exec	5	4	187	4	225	17	6	17	44	17	44	
file	14	5	49	7	9	9	32	11	141	11	195	12	74	13	27	13	57	13	85	14	49	36	116	36	163	41	104	51	76	
d_inode	6	8	307	8	308	8	331	8	333	15	248	36	83	
dir_entry	23	10	97	10	107	10	132	10	142	10	170	10	187	10	199	10	201	10	203	10	235	10	309	10	344	10	418	10	469	10	511	10	548	10	550	10	556	10	574	10	593	10	669	10	723	36	157	
stat	3	14	17	44	6	83	86	
d_super_block	5	15	129	15	130	36	146	64	91	64	91	
nlist	2	17	111	17	114	
relocation_info	1	17	193	
flock	1	21	43	
sigaction	8	22	48	41	86	55	390	56	33	56	44	56	50	56	66	56	89	
winsize	1	26	36	
termio	3	26	44	68	79	68	100	
termios	2	26	54	43	46	
tm	4	27	18	27	37	27	38	49	78	
utimbuf	1	29	6	
partition	2	37	52	62	76	
desc_struct	3	38	4	41	106	55	388	
i387_struct	2	41	42	41	77	
tss_struct	2	41	53	41	108	
tty_queue	5	43	16	43	50	43	51	43	52	67	99	
tty_struct	7	43	45	43	49	43	55	67	51	67	232	67	294	68	117	
tms	1	45	6	
ustat	1	46	39	
utsname	2	47	6	57	218	
drive_info	1	49	102	
timer_list	3	55	266	55	269	55	274	
request	7	60	23	60	32	60	47	60	51	63	21	63	66	63	90	
blk_dev_struct	3	60	45	60	50	63	32	
floppy_struct	2	61	82	61	114	
hd_i_struct	3	62	45	62	49	62	52	
hd_struct	1	62	56	
bucket_desc	20	76	52	76	54	76	62	76	78	76	79	76	80	76	81	76	82	76	83	76	84	76	85	76	86	76	87	76	92	76	92	76	99	76	102	76	105	76	120	76	186	
_bucket_dir	4	76	60	76	77	76	119	76	185	
